3 NA 6.20730519955995e-05 9.70594649290516e-06 1.4206869772147e-06 2.9519555395083e-07 5.82338691387537e-08 1.26629191652281e-08 3.43369954177265e-09
59 NA 0.000123769976518607 3.91602733892502e-05 1.31257587813821e-05 4.44095750227618e-06 1.76027498970567e-06 7.90059880513447e-07 3.2413563360108e-07 1.2554018863178e-07 5.25907918461603e-08 2.11654178717342e-08 9.61165221942774e-09
12 NA 0.000175801907727924 5.31192922331139e-05 1.85139405611443e-05 8.3276654978953e-06 4.19970932930042e-06 1.97235712127259e-06 8.89374939628883e-07 4.73034794979471e-07 2.39428354948008e-07 1.27957976930814e-07 6.51370636757212e-08 2.66527827747621e-08 1.20012365957688e-08 1.06927956329523e-08 5.79348124802493e-09
45 NA 0.000185953375052483 4.68617492646359e-05 1.65958753621661e-05 5.80071977205596e-06 3.67796053572338e-06 2.15609393350333e-06 1.15722102903657e-06 5.33907867124704e-07 3.03801667020834e-07 1.49032220964248e-07 7.25778868970959e-08 3.95529388085396e-08 2.01091970498538e-08 1.15306790182412e-08 5.50465595391537e-09
53 NA 8.9544697687649e-05 2.02439964862098e-05 6.48640279293891e-06 2.34167844002986e-06 8.04575467427482e-07 2.92329425059684e-07 7.90227495047545e-08 2.67220640810217e-08 8.77246134321899e-09
37 NA 0.000148406521103051 3.26178435578766e-05 1.37208190280315e-05 7.06021459951481e-06 3.34312147978198e-06 1.59957032954605e-06 7.10606786902892e-07 3.20839774469996e-07 1.64674243835399e-07 9.81265610725929e-08 5.71685334863095e-08 2.83418884948276e-08 1.43266026959443e-08 7.57192895159123e-09
67 NA 0.000342480072620376 0.000153114589368082 7.00515119890142e-05 3.59240244136076e-05 2.07493848288298e-05 1.20348352852497e-05 9.62912482711131e-06 7.25306059576029e-06 4.73119901630802e-06 3.10335426206948e-06 1.83267158534959e-06 1.4728666082372e-06 1.12206302916971e-06 7.65654954104661e-07 4.47354276292435e-07 3.84301365399326e-07 2.33375590989428e-07 1.73832047687177e-07 1.53081885941597e-07 1.13642667070541e-07 9.20319878085476e-08 6.75357099833314e-08 6.54637143435829e-08 4.05560527711609e-08 2.7759839864761e-08 2.46145880887196e-08 2.39404941966858e-08 1.64825442722185e-08 1.37906647789672e-08 1.31906838760234e-08 1.42867054369519e-08 8.75176218968554e-09
36 NA 0.000197320147831749 6.58240126488155e-05 2.95965830294604e-05 2.42294830940457e-05 1.89919295087295e-05 1.7365045976659e-05 1.73980090465746e-05 1.2652038735542e-05 1.04088739176012e-05 8.32697119816594e-06 6.77050656614914e-06 6.44984563283848e-06 6.13839946681987e-06 6.67756818405805e-06 6.56015970390443e-06 4.54318088431527e-06 3.92497420177965e-06 3.92122639987366e-06 3.32110534166801e-06 1.71418037648708e-06 1.5030598803221e-06 2.43207758818817e-06 3.48790813084732e-06 2.95448235372265e-06 2.55989280899547e-06 3.1351174618314e-06 3.34786085685125e-06 3.39994450757001e-06 2.65648068206973e-06 2.49843077153904e-06 2.72006210713884e-06 3.11705572826652e-06 3.3545482012027e-06 3.71235875984401e-06 3.92475833317811e-06 3.52120942373505e-06 2.65198703235336e-06 1.9910042440717e-06 1.77436825259422e-06 1.86534993945365e-06 2.21077277925343e-06 2.77910399613581e-06 3.44879142513706e-06 3.92414283715774e-06 4.26154005254497e-06 4.00218554003609e-06 3.37318204429215e-06 2.84361625950652e-06 1.87040698985434e-06 1.43879901284436e-06
42 NA 0.000439927127335664 0.000183589834926388 0.000105053772111071 7.37671927933665e-05 5.62842758807302e-05 4.28988365189398e-05 3.36805017789948e-05 3.38232323955533e-05 3.34812096960567e-05 2.73886329444688e-05 3.03056041710328e-05 3.79664048654537e-05 3.86502181140148e-05 3.65834466874184e-05 2.7870690788103e-05 2.19670821012869e-05 1.85127426824125e-05 1.76567473825188e-05 1.86216616992245e-05 1.5074346103417e-05 1.47548966072598e-05 1.19190269787675e-05 1.53815949394518e-05 1.5736530491931e-05 1.16711518578528e-05 1.24851621457059e-05 1.59024203825596e-05 1.46732406911128e-05 1.10323448094941e-05 1.1313401280948e-05 1.0083509257415e-05 1.30541028289999e-05 1.37521664119295e-05 1.57016930886377e-05 1.70107335214155e-05 1.77287754373918e-05 2.20016982153114e-05 2.19274749075075e-05 1.27656295307383e-05 9.64266593221378e-06 1.05651191384563e-05 1.26192790947553e-05 1.41133379196138e-05 1.57994772192758e-05 1.52933132060133e-05 1.96733343973356e-05 1.87699418057333e-05 1.52678975498218e-05 1.81528372526211e-05 1.96189037261261e-05
72 NA 0.000159300803640868 4.73114742867918e-05 1.86478622671673e-05 1.34239593160413e-05 9.29516339911647e-06 5.86332592674266e-06 3.71523221114329e-06 2.43130342479502e-06 1.55879727557537e-06 9.31239474589451e-07 7.1194152674006e-07 4.59109333961097e-07 3.83941113177946e-07 3.20498306989475e-07 2.40921303682794e-07 1.9529915007414e-07 1.43389620900556e-07 9.41606047772474e-08 6.77910158148766e-08 8.78225024542487e-08 7.67453372849199e-08 8.9433739607332e-08 9.79141922572352e-08 8.42500142237759e-08 8.23679576689999e-08 1.13108258905116e-07 1.40768927245593e-07 1.83100253186392e-07 2.37509954331303e-07 3.37465032966526e-07 4.95858902985032e-07 6.75599439226757e-07 8.72720133727777e-07 1.14939852000796e-06 1.47172438615157e-06 1.66515237886879e-06 1.73934782184312e-06 1.78970353800517e-06 1.78705484176511e-06 1.69169682869778e-06 1.56462947013279e-06 1.46713627004773e-06 1.3367497197249e-06 1.26216549123596e-06 1.22222993947078e-06 1.16966225679298e-06 1.09902377221047e-06 1.0385785588886e-06 1.01788439909861e-06 9.89475592374518e-07
