37 NA 0.00016013368453401 4.47952494786404e-05 1.51317748567331e-05 5.76634726670949e-06 1.82793010170237e-06 6.71313472714309e-07 2.88351474786895e-07 1.44945841076589e-07 6.39435641008773e-08 2.55731365848965e-08 1.21770334330794e-08 5.82571025015583e-09
3 NA 0.000144995035787545 4.71555002965137e-05 1.78666264943753e-05 6.51000068249344e-06 2.14379847922699e-06 9.43575800728026e-07 3.96497610073919e-07 1.7781934247319e-07 8.03491138126581e-08 3.61504530340806e-08 2.04968981394439e-08 7.88567673033948e-09
67 NA 0.000238461858127088 7.79685665368818e-05 2.66174329732976e-05 1.51715897808789e-05 7.15812190869669e-06 3.91360605028046e-06 2.71850322652755e-06 1.57357094834779e-06 8.38701915375358e-07 4.28611526654298e-07 2.1558503892791e-07 1.30752635020876e-07 8.11717275313659e-08 4.34285631458975e-08 2.03870256142367e-08 1.14335129930776e-08 8.46940659326943e-09
12 NA 0.000136975424125839 3.48146767081004e-05 7.29507252983431e-06 2.22492072724442e-06 6.11371936793977e-07 1.57518952884332e-07 5.77248835829464e-08 2.13966291362438e-08 6.32542063807047e-09
53 NA 0.000284435881888718 8.99979029681941e-05 3.80932402641386e-05 1.86879072562564e-05 1.1755469012275e-05 7.73165326003392e-06 5.74008069254896e-06 4.13693613109288e-06 3.07385576149154e-06 2.41394450418539e-06 2.01809796598619e-06 1.74155635667e-06 1.39032320237688e-06 1.04930538804493e-06 8.28429178058068e-07 6.44348121226858e-07 4.8737902899345e-07 3.5121286028827e-07 2.58983944741771e-07 1.86757487078064e-07 1.3679928242972e-07 9.74041129511484e-08 7.13086427047613e-08 5.26823442872595e-08 3.7444840091398e-08 2.57490437637744e-08 1.7365087719506e-08 1.19824896957321e-08 8.40604145850169e-09
72 NA 0.000108724116599328 2.34006967923729e-05 4.61054522752175e-06 1.1494228351565e-06 3.77587363093667e-07 9.91920927919301e-08 2.74773246244867e-08 8.91089509348887e-09
42 NA 7.54089201602289e-05 1.28974691832221e-05 2.59512929771322e-06 4.40658568261643e-07 1.23979554132508e-07 2.60717593059242e-08 6.43892381755818e-09
59 NA 0.0002557417374321 9.3799246584347e-05 3.51187058314539e-05 2.7048397272533e-05 2.42441459738161e-05 2.26067142999436e-05 1.52107960520486e-05 1.27746181058499e-05 1.14201538998423e-05 7.5129926010839e-06 6.83849760905381e-06 6.57582843900429e-06 6.13848278921019e-06 4.84511540692829e-06 4.04063700811715e-06 4.72608837887135e-06 3.87521009973175e-06 4.0994385663472e-06 4.31627548534026e-06 3.02532231638825e-06 2.81025194251174e-06 3.14866207696272e-06 3.73277533535314e-06 3.46313406213376e-06 2.87319285972201e-06 3.08936357801967e-06 3.00368497549693e-06 2.72519948310953e-06 2.30942787370472e-06 2.41326071993898e-06 2.19071454344075e-06 1.70034298572225e-06 2.24967899902739e-06 2.21499515380929e-06 2.32598306050473e-06 2.07424069185119e-06 1.37547008660718e-06 1.24060353134715e-06 1.31752895097418e-06 1.71918039824125e-06 1.61016410196986e-06 1.7767609332716e-06 1.4931278185764e-06 1.58645702839679e-06 1.38799295909007e-06 1.23580548281628e-06 1.50873457361354e-06 1.65548806302301e-06 1.97654683753364e-06 2.03637808785355e-06
36 NA 0.00024635534244271 8.00773228734887e-05 4.2506815408907e-05 2.32838684394828e-05 2.70778662913929e-05 2.54430337608807e-05 2.57897166579076e-05 1.97065252361337e-05 1.5598216605992e-05 8.57757163101321e-06 9.77776268949537e-06 9.98354645567886e-06 9.85897888199217e-06 8.91333259077341e-06 8.44197547249727e-06 5.23497537786989e-06 5.45140517847098e-06 5.91461089703574e-06 6.4437181130492e-06 6.03204477553653e-06 5.3387181824908e-06 5.3894056943267e-06 5.19445030780599e-06 6.4412845619951e-06 6.45083386579605e-06 5.72595847482259e-06 5.52255139903292e-06 5.99067225970329e-06 5.8008457386453e-06 5.90392975174419e-06 6.1847365645391e-06 5.87979124227071e-06 6.39870323911349e-06 5.67385428826465e-06 5.78098273365385e-06 4.29481901840913e-06 5.28548673372609e-06 6.79993164335795e-06 6.95956339754042e-06 7.86362902207355e-06 9.09177682081585e-06 8.88564685315202e-06 7.1261178168359e-06 4.99663683991045e-06 4.24213327973612e-06 4.10443991918242e-06 4.6521928970138e-06 6.14259906141097e-06 8.31306981058723e-06 9.04846117418134e-06
45 NA 0.000257069693931305 0.000117659241325694 7.70926435632392e-05 6.58462569252055e-05 4.4668318287919e-05 3.46401696268538e-05 3.15520610005733e-05 2.16477443804314e-05 2.00977142768962e-05 1.97859516932539e-05 1.27571935289446e-05 1.3375038819363e-05 1.03559861379017e-05 1.58232022132205e-05 1.51502859317476e-05 1.66531186349698e-05 1.82534339083019e-05 1.47165167006724e-05 1.2660616432335e-05 1.31422011631758e-05 1.63396908223346e-05 2.43781476515472e-05 2.45712751079524e-05 2.07307291123017e-05 1.444443330467e-05 1.5710323013869e-05 1.61607260244762e-05 2.06944127458444e-05 2.37537838887124e-05 2.32287284831197e-05 2.09729706444309e-05 1.64251449644989e-05 1.09381859547508e-05 9.06243793628103e-06 1.20909381558113e-05 1.19928203609792e-05 1.25859599989342e-05 1.17874272124408e-05 1.05121606145138e-05 1.12493584189207e-05 1.44336170097679e-05 1.8126516639584e-05 1.92465339131131e-05 1.68211007428307e-05 1.09060023642845e-05 8.87591709839949e-06 1.35418049496883e-05 1.63226735905399e-05 1.97193262748762e-05 1.87167628997843e-05
