3 0.49516718076932 -4.48026530771076e-17 0.504832819230679
4 0.557008776782245 9.18678781615316e-18 0.442991223217755
12 0.625042595621781 -3.72707286965113e-17 0.374957404378219
5 0.665725112012396 0.0321090897400101 0.302165798247594
20 0.622666577895546 -7.49473902334697e-18 0.377333422104454
27 0.342550050944712 3.84172287387145e-18 0.657449949055288
29 0.335970788885093 -4.05535765052405e-17 0.664029211114907
8 0.586797798155133 4.39471671842046e-17 0.413202201844867
34 0.173646023901982 -1.70377100148775e-17 0.826353976098018
2 0.274716451509372 -5.43927372015953e-18 0.725283548490628
14 0.759900801004842 -4.22466064586665e-18 0.240099198995158
10 0.581485830791335 1.45487603521156e-17 0.418514169208665
24 0.72685984842175 1.84388204540655e-17 0.27314015157825
18 0.475664273431649 -6.08911448119572e-18 0.524335726568351
28 0.258079294827757 0.581002273410281 0.160918431761962
21 0.443203715437736 2.07519987562888e-17 0.556796284562264
9 0.418869801770878 0.222579627857461 0.358550570371661
15 0.471500473827316 -7.52006392265997e-18 0.528499526172684
19 0.743395000494972 -1.08214157752312e-17 0.256604999505028
32 0.707615973860032 -1.0503793956882e-17 0.292384026139967
33 0.141954335012 0.858045664988 -4.53786289957859e-18
30 0.868547562239179 3.35950908593591e-17 0.131452437760821
35 0.432919741267426 1.18398735785681e-17 0.567080258732574
25 0.373145053364576 -2.58264272402391e-17 0.626854946635424
13 0.700621871776354 -4.22447292745103e-18 0.299378128223646
11 0.584992968473889 3.27030147187776e-17 0.415007031526111
7 0.641483954600298 0.20741520083184 0.151100844567862
23 0.595452830885785 -2.04769134492218e-18 0.404547169114215
17 0.522005750722731 0.152629642026875 0.325364607250394
6 0.581207625888904 0.39098448111694 0.0278078929941563
16 0.439541089573326 -1.10016388540007e-17 0.560458910426674
22 0.662554462415331 1.70006768137777e-17 0.337445537584669
26 0.222287252509987 0.440767504860863 0.33694524262915
1 0.422152820203922 0.194942241372745 0.382904938423333
31 0.284830540991176 6.78838124872691e-18 0.715169459008824
36 0.409791478566859 -3.43268877201351e-18 0.590208521433141
42 0.718910489465595 1.30856608471781e-17 0.281089510534405
39 0.487284620895665 -8.6389408062952e-18 0.512715379104335
37 0.548413417589451 8.68426957744902e-18 0.451586582410549
53 0.578361020636214 -9.96538973398628e-18 0.421638979363786
45 0.597370858255181 -2.04300665910225e-18 0.402629141744819
41 0.338098429416063 -1.61466920871357e-17 0.661901570583937
43 0.742901306905319 4.37190374337084e-17 0.257098693094681
44 0.598036096507687 -2.92662157154634e-18 0.401963903492313
38 0.5299045866284 -2.96770511446352e-17 0.4700954133716
46 0.322927098173016 1.24662614918407e-17 0.677072901826984
40 0.65059004250813 -1.24540458348948e-17 0.34940995749187
67 0.32410646797473 -3.68641723008876e-18 0.67589353202527
57 0.496675513571389 5.04873458821566e-19 0.503324486428611
62 0.652967880397578 9.3903809004309e-18 0.347032119602422
61 0.397892525342331 -3.76228742520323e-19 0.602107474657669
47 0.397767474047118 4.61018166338087e-18 0.602232525952882
55 0.405825199824509 0.0737552709155354 0.520419529259956
59 0.274843553175754 -5.26619216787819e-18 0.725156446824246
48 0.453964504735238 0.398621559670784 0.147413935593979
54 0.831350991709389 -7.37311801899819e-18 0.168649008290611
65 0.349484701952021 0.527353425296254 0.123161872751724
66 0.33492598179944 9.09457727847433e-18 0.66507401820056
50 0.813983067650043 2.05879535754157e-18 0.186016932349957
64 0.446848689842941 6.80123634060474e-19 0.553151310157059
69 0.168122492211027 -2.3976291144486e-17 0.831877507788973
56 0.605266181340927 1.99021016676075e-17 0.394733818659073
49 0.182621833664324 -2.31938331761463e-17 0.817378166335676
52 0.487029539843801 0.200822842964083 0.312147617192116
60 0.798486607004136 2.04335676368513e-17 0.201513392995864
63 0.64784429275599 0.0841550985992813 0.268000608644729
51 0.603942400096593 2.83968613663112e-17 0.396057599903407
58 0.264091696282616 0.321604624257884 0.4143036794595
68 0.580344615130952 7.2104028227321e-18 0.419655384869048
70 0.116097770310249 0.325873005765532 0.558029223924219
72 0.403098002389199 0.0473030744979286 0.549598923112872
71 0.610526841184115 4.95093505781591e-18 0.389473158815885
