5 NA 6.07337642510872e-05 1.1911209099698e-05 2.3491568057229e-06 7.76228664373366e-07 2.49012234655743e-07 9.40124637344456e-08 3.20731442148469e-08 1.64960831264236e-08 1.55828568361881e-08 1.20937131069313e-08 4.84156570454686e-09
4 NA 0.000110964563024461 3.04562595379627e-05 8.42750120643465e-06 2.23867605527522e-06 9.0375054228629e-07 4.09620061339611e-07 1.35957981807836e-07 6.59010035068816e-08 2.15480519802033e-08 5.35955367100292e-09
20 NA 4.70384395825887e-05 6.13136793471862e-06 8.86801309215047e-07 1.39017029874716e-07 2.08879033723252e-08 3.29216505506757e-09
3 NA 5.3446470232387e-05 7.12781637466854e-06 1.31919575837452e-06 2.10836847358447e-07 4.16998374364342e-08 8.02753793900644e-09
8 NA 0.000130303846326984 3.31155606909366e-05 1.19163386035109e-05 6.02289521968003e-06 2.21251946475117e-06 8.88248314703404e-07 3.73237740953988e-07 1.82158356964907e-07 8.1666838203943e-08 4.41854754118323e-08 2.30997131623925e-08 1.2807105778665e-08 1.15888651019418e-08 8.04765903070295e-09
29 NA 6.57259475502895e-05 2.17450763271175e-05 8.3033375230586e-06 3.41625073830528e-06 1.3292335779778e-06 5.0603350797838e-07 1.81556723204825e-07 5.99536691650284e-08 1.71522986254019e-08 3.92078880082458e-09
34 NA 0.000132448219352227 2.68877288748157e-05 4.64131658372952e-06 1.26277117903666e-06 3.64770410685034e-07 8.98008368922017e-08 2.40858277465476e-08 5.80277090893293e-09
2 NA 0.000106517312651902 3.5699759803753e-05 1.86634503985059e-05 1.18773568737716e-05 6.10811622404095e-06 3.31921992502046e-06 2.10661794927959e-06 1.39425333234984e-06 9.86832872511675e-07 7.2933985963479e-07 5.13589190198387e-07 3.66313746275556e-07 2.58250879644564e-07 1.98380557719627e-07 1.45508837041986e-07 1.07952322015427e-07 7.9650541711834e-08 6.13055182812016e-08 4.80662694996207e-08 3.80634705867122e-08 2.89809782384091e-08 2.1166096122973e-08 1.4956688011345e-08 1.06741306060758e-08 7.5675082867612e-09
18 NA 9.4296327057676e-05 2.4016309591141e-05 1.01814308397816e-05 3.59971510496127e-06 1.40913560618085e-06 6.43293165688137e-07 2.6810105540984e-07 9.52897317077399e-08 5.35631368789234e-08 2.39007346345974e-08 1.02954818498951e-08 3.5145128871509e-09
24 NA 9.7415325474805e-05 2.53321066141595e-05 6.43303322796807e-06 2.53333783192212e-06 7.95014360888426e-07 3.0587783284053e-07 1.3447428957047e-07 3.79992395708383e-08 1.41196765132721e-08 6.570108131994e-09
12 NA 8.92846118030952e-05 2.54314277871781e-05 7.4289070796035e-06 2.42005124978311e-06 5.40599971603666e-07 1.37701151159547e-07 6.90555939435003e-08 3.13838817709066e-08 1.51113773490945e-08 5.81320647173114e-09
15 NA 0.000327395412890763 0.000154129180013364 9.9154386589382e-05 6.71462945103651e-05 3.74514268730243e-05 2.3700868147762e-05 1.67154675201933e-05 9.4417499793878e-06 9.41900799637466e-06 9.49706841781651e-06 8.45973677583442e-06 7.85235040351298e-06 6.71963758810532e-06 5.46249169263803e-06 5.5430040748234e-06 4.83832724523917e-06 3.60347151025649e-06 3.03054310394166e-06 2.52773789382196e-06 1.9765232513779e-06 1.24480997245363e-06 1.86990444390531e-06 1.8787558142561e-06 2.00886485919432e-06 1.42241531830182e-06 1.14333122577473e-06 8.23450094689758e-07 8.72246352251488e-07 7.51431307459735e-07 6.38021803840419e-07 7.28980856000474e-07 7.9773510444836e-07 6.13498160421806e-07 5.8870309608307e-07 4.74168870530389e-07 4.02790085046098e-07 4.87157785369723e-07 4.98954124633527e-07 4.94521292497202e-07 3.82155686227764e-07 3.88026705242478e-07 4.70176195961704e-07 5.49940297840667e-07 4.43478233018368e-07 2.52287738097367e-07 2.18961597801779e-07 2.15868048787624e-07 2.35771746534999e-07 2.11316074561458e-07 2.02868021116613e-07
21 NA 6.60430432956383e-05 1.29087016593518e-05 4.88004469339913e-06 1.34730388963515e-06 3.39820513779667e-07 8.40765228075852e-08 2.40385107759723e-08 1.16841827591178e-08 6.1514080829369e-09
32 NA 0.000114053009168764 3.03893339653069e-05 7.15461139488501e-06 3.43720918093135e-06 1.69098263943602e-06 7.48046223981252e-07 3.62586478620079e-07 1.50018467347926e-07 6.90163153216827e-08 3.17068248419525e-08 1.09950284382596e-08 1.09463346867609e-08 3.62198453539216e-09
27 NA 0.000100234884556143 3.13870780260794e-05 1.27212365708112e-05 4.81834185218171e-06 1.68904495059836e-06 5.08792844542115e-07 1.4624762092003e-07 3.9785243390483e-08 1.42405971403389e-08 1.00473016777369e-08 4.44957156612879e-09
14 NA 5.56017759101051e-05 1.08532653742072e-05 1.93296300202585e-06 3.49258455510861e-07 1.00117390866832e-07 2.03353305683724e-08 5.45022132073718e-09
19 NA 6.49089215046026e-05 8.47157487697079e-06 1.08429955515448e-06 1.87569456069487e-07 3.09379207667642e-08 4.6595848161234e-09
35 NA 0.000420483057710171 0.000180671893838937 0.000110485515676867 7.08032859905782e-05 5.42790965720204e-05 4.04143595171032e-05 3.23595468507625e-05 2.84028415957631e-05 2.84864166998336e-05 3.22154392000917e-05 3.6805328059389e-05 4.10734533666547e-05 4.36290456547905e-05 4.42456923538001e-05 4.36823829652559e-05 4.28491929044589e-05 4.07333704515747e-05 4.06505265481437e-05 4.31923148172172e-05 4.61123259297167e-05 4.80762038974929e-05 4.9753294976568e-05 5.03506002722055e-05 4.75099260338727e-05 4.30423141220882e-05 3.99355876152373e-05 3.87290039087451e-05 3.81730188260259e-05 3.82662790326686e-05 3.83061275684643e-05 3.91835861161524e-05 4.09666740365015e-05 4.24950218105518e-05 4.35690100157665e-05 4.34616603646624e-05 4.31525209965516e-05 4.2937382206533e-05 4.32679612880199e-05 4.31957795257149e-05 4.20681582937273e-05 4.08341326511184e-05 4.0430917327471e-05 4.10717803395735e-05 4.23825304308842e-05 4.37170199016304e-05 4.47645274448845e-05 4.55312361582107e-05 4.60098190628615e-05 4.51080418815402e-05 4.26712902385617e-05
13 NA 0.000221808811262787 0.00010220810016884 5.68783350795679e-05 3.95785597509053e-05 3.58660284997666e-05 2.46820730043191e-05 1.82149887998348e-05 1.34904664944774e-05 1.0449558022692e-05 8.69851821044941e-06 6.74232572038218e-06 5.44488897271048e-06 4.01605974433683e-06 2.86167222427616e-06 1.93216613788964e-06 1.45786863758428e-06 1.03568542766259e-06 7.76030931087786e-07 5.54766629393916e-07 3.60669478644622e-07 2.65472602369116e-07 1.93213909239105e-07 1.23795668089592e-07 1.12249275928603e-07 1.45182298374801e-07 1.40968419742702e-07 1.23213293930839e-07 9.40961178733397e-08 6.63560996435971e-08 5.88626810628805e-08 7.17454896842961e-08 7.27190908024138e-08 7.61230812918413e-08 7.1867876165244e-08 5.99434766773837e-08 4.48928301471901e-08 3.10598442463051e-08 2.08799065904488e-08 3.1342206884822e-08 4.79518302828017e-08 4.09328161184394e-08 3.40799771200296e-08 3.10170997356244e-08 3.01897231512524e-08 2.77824694176733e-08 2.37920389838259e-08 2.00028461703558e-08 1.49297227067308e-08 8.33573208903294e-09
28 NA 6.22893086221823e-05 9.81956874629727e-06 2.0079006253284e-06 3.58478157864819e-07 5.85319671134921e-08 1.48341874964258e-08 1.93329942023281e-09
7 NA 0.000156189895015525 6.70942668108893e-05 3.02513953601357e-05 1.32836091465773e-05 8.01048022273181e-06 4.7922713090014e-06 2.89995064971151e-06 2.42353337648474e-06 1.81890413041419e-06 1.57104863852609e-06 1.26079241708434e-06 1.06026950345995e-06 8.52152423400587e-07 6.70412722856311e-07 5.08656560972888e-07 3.77504886181025e-07 3.00264936415651e-07 2.29077147776887e-07 1.83752751942308e-07 1.50684943105482e-07 1.29022285303518e-07 1.13995198506991e-07 1.0273702094958e-07 9.70419439946375e-08 9.45963519417955e-08 9.42196345899739e-08 9.6844929083096e-08 9.58767090414085e-08 9.05592999917481e-08 8.85351261431844e-08 8.61510799541834e-08 8.61335139015147e-08 8.87719028029977e-08 9.28501405880044e-08 9.93956755380586e-08 9.64830803078332e-08 9.08114576891837e-08 8.82927888677214e-08 8.78434115013e-08 8.96590231367205e-08 9.38397842110871e-08 9.99969501858361e-08 1.09479392946556e-07 1.05665928144173e-07 1.00361561632878e-07 9.78171897325761e-08 9.69729055326675e-08 9.8634989694685e-08 1.04607891323627e-07 1.00896467552826e-07
9 NA 0.000270262274216481 0.000123639020364231 6.95072007049716e-05 5.20769452156219e-05 4.14466952790632e-05 2.91154565053145e-05 1.65668414342554e-05 1.3043256594947e-05 1.12820574375061e-05 1.02786777651034e-05 1.0319630914562e-05 8.07491256273193e-06 8.00941505948015e-06 7.71300966447726e-06 6.13874761663734e-06 5.90742467892269e-06 5.56153989677349e-06 3.91256477744228e-06 3.07639591224947e-06 3.41116197504552e-06 3.78580872637447e-06 3.6847493128713e-06 3.32904672240754e-06 3.70480020664912e-06 2.98902848273634e-06 2.41103037587346e-06 2.15393587420689e-06 2.23703028783834e-06 2.46019871154131e-06 2.19067403793811e-06 1.75180144022262e-06 1.92083574665465e-06 1.72289327642679e-06 1.79430480440582e-06 1.6894346851941e-06 1.23895896101922e-06 1.16974879189182e-06 1.59752857296538e-06 1.92949768222868e-06 2.05872136520866e-06 2.05090613391357e-06 1.9460323371633e-06 1.85130109285755e-06 1.32870303245623e-06 8.24770667606846e-07 7.97009491630712e-07 1.56265548717699e-06 2.07325205330391e-06 1.83606833282132e-06 1.41803539709448e-06
23 NA 0.000164730147914107 4.95710542844913e-05 1.57817739876171e-05 5.08916786411501e-06 1.95016185662906e-06 6.03210752869122e-07 2.11098572377994e-07 8.8329467779133e-08 3.37116081782413e-08 1.46632785346077e-08 4.96539506849784e-09
6 NA 0.000292346758957851 0.000114479630403551 6.07790988882466e-05 3.92061037050588e-05 1.82854908387513e-05 1.52481181051192e-05 1.31385625818469e-05 9.66894748476163e-06 5.45717537785507e-06 4.63625351909307e-06 4.70441324430222e-06 3.54145615397868e-06 2.9334075250116e-06 2.91120075705777e-06 2.68102658969832e-06 2.36565488938092e-06 1.63328761704041e-06 1.09319106657876e-06 1.16799829320477e-06 1.04167775234489e-06 7.57474929951716e-07 6.02272558958493e-07 5.41618022870749e-07 6.89966740662521e-07 6.36155708418424e-07 5.54339030477949e-07 4.73609856331984e-07 3.9031181322597e-07 3.50194875604592e-07 2.95668934061604e-07 2.72338170948996e-07 2.67790385739996e-07 2.41695921403935e-07 2.59180997943595e-07 2.10763777759614e-07 1.66411841129731e-07 1.70656849980963e-07 1.49590650960046e-07 1.39569506288972e-07 1.34669301390798e-07 1.09910755900051e-07 8.06070914530283e-08 6.84333617764315e-08 8.02844117553899e-08 9.51274797298085e-08 8.73864076168342e-08 7.47201374010507e-08 5.27819455551226e-08 5.82854860103927e-08 5.76977858813843e-08
25 NA 0.00012633023976793 3.83557497651661e-05 1.24414966629404e-05 4.96713116467735e-06 2.58939752518507e-06 1.64487150730948e-06 9.49898751421961e-07 5.06120236001667e-07 2.34699154358603e-07 1.16221292589744e-07 5.98691833965258e-08 2.88530857254624e-08 1.38773414987967e-08 6.6203771378656e-09
17 NA 0.000290331758995706 0.000153683572759848 0.000112825106710283 8.22478921388313e-05 5.9490812425717e-05 3.70595820937079e-05 2.41487791786064e-05 1.5155526690373e-05 1.20084834611469e-05 8.74196180590835e-06 7.28056949231789e-06 6.90260782372805e-06 5.94478569504961e-06 4.5676988542608e-06 4.04854556151483e-06 3.36504865660865e-06 3.09064645529143e-06 2.83647568059913e-06 2.71300407539808e-06 2.45530713528577e-06 2.25402292337623e-06 1.47281598687747e-06 1.47248595776694e-06 1.20772409117984e-06 1.14497820365978e-06 1.07645775126909e-06 9.28973739944485e-07 9.34303424219031e-07 7.16781964993499e-07 6.22787632438669e-07 7.25879245040951e-07 5.49406809758643e-07 5.59123967864892e-07 5.83140449257353e-07 5.16788160313699e-07 4.65138933838295e-07 3.58031879433113e-07 3.532234162418e-07 2.89520411618535e-07 2.51424384621998e-07 2.52296484110563e-07 1.78367099741472e-07 2.00253656097589e-07 2.19492248152801e-07 1.84883870914115e-07 1.96361479282754e-07 1.79658531601563e-07 1.73162481602785e-07 1.63041418806975e-07 1.97684683773545e-07
10 NA 0.000135897288025501 6.13296046792878e-05 2.50963435039994e-05 1.33553279300223e-05 5.87420090110997e-06 3.54208528425724e-06 2.45842911108357e-06 1.35076456861847e-06 9.81629112198165e-07 6.0629407082869e-07 3.55568845547894e-07 2.87536768535145e-07 1.91519885957402e-07 9.99063922750953e-08 5.67605854168824e-08 3.60128144627499e-08 2.1335809041136e-08 1.30948183604923e-08 9.98923342840145e-09
33 NA 0.00010205077042243 5.56382068513971e-05 3.74075675584151e-05 2.62230588612288e-05 1.78694321548278e-05 1.1333026724763e-05 5.08296733299264e-06 4.9111912815845e-06 7.1449427713708e-06 5.72533153483262e-06 4.74759449380807e-06 3.38767105072323e-06 2.98425279073283e-06 3.29763912417419e-06 4.98956976880351e-06 4.27842211724159e-06 2.9096541849142e-06 2.48542292272454e-06 2.02028546524595e-06 3.6358759043161e-06 3.33264120028541e-06 3.04234240768417e-06 2.50247320790272e-06 1.6630456158046e-06 2.31148761611981e-06 3.5590364378787e-06 5.24725290889875e-06 4.88849311659654e-06 2.53914444696804e-06 1.06343992851747e-06 1.6133935519154e-06 2.69764515136689e-06 3.01700754669605e-06 1.98893011259941e-06 1.04659541206787e-06 7.24478904931076e-07 1.06257829639532e-06 1.70114166456461e-06 2.24857796885703e-06 1.65038978443887e-06 1.18642557111436e-06 1.09356764662238e-06 1.37879936807861e-06 1.4175014752848e-06 1.3053623721876e-06 9.27809488329334e-07 1.15056654426599e-06 1.34846763042553e-06 1.57744114598577e-06 1.34136697115611e-06
11 NA 0.00024394262484344 7.58323821184736e-05 3.46074854384293e-05 2.75709955670593e-05 1.42768056393694e-05 9.41108046616857e-06 7.81843535652616e-06 4.03507204822165e-06 2.96964914087192e-06 2.51493347534415e-06 1.94113888411542e-06 1.33623048321697e-06 1.36990534665505e-06 1.08360399385558e-06 7.07425077155995e-07 5.171504501666e-07 4.35365149867941e-07 3.2462326510963e-07 2.50201120422215e-07 2.26756205476671e-07 2.07983131612424e-07 1.9620029734086e-07 1.6762801331166e-07 1.21577405643244e-07 7.31796254701985e-08 7.44686840276163e-08 6.27822235647999e-08 5.88082836103313e-08 5.30852613833026e-08 3.49957290315693e-08 3.77046906005331e-08 3.64487805198324e-08 4.32180370960172e-08 3.51081069681853e-08 2.17630018419861e-08 1.39721772533145e-08 1.34306881420988e-08 1.27408371194477e-08 1.03181197939576e-08 7.73296371779591e-09
30 NA 0.000186108689337256 7.61768708590555e-05 3.5114237223196e-05 2.39826895105375e-05 1.62864751089088e-05 9.37397389946385e-06 5.3349698392485e-06 3.84999886525783e-06 3.66348449249024e-06 2.32489654400505e-06 1.40439886801362e-06 1.25693683719833e-06 8.74553305723711e-07 7.4548679878367e-07 6.39372386544051e-07 5.84684592392356e-07 3.90406981364057e-07 1.93600009538793e-07 1.62531223568464e-07 1.42121412076735e-07 1.04884629336417e-07 9.40338832644168e-08 8.06613127149859e-08 6.27102290752428e-08 4.11822549844575e-08 3.83694179501368e-08 2.68934370774072e-08 1.99174924626713e-08 2.82642891337205e-08 3.20302214049956e-08 2.63740087712402e-08 2.74527950015719e-08 2.86628248846758e-08 2.1506694219898e-08 2.00920886483705e-08 1.51206795210281e-08 1.18854497380582e-08 1.17396067882227e-08 7.3201142100093e-09
16 NA 0.000405431105264327 0.000214777758973529 0.000115852162102629 6.84064416830317e-05 4.36474043279433e-05 3.22011837623799e-05 2.69890630098616e-05 2.1204302161622e-05 1.40100883829847e-05 1.26770672335402e-05 1.30933262514632e-05 1.24850983241805e-05 1.20480950370538e-05 1.06838181603109e-05 1.04484081470776e-05 9.97470929674581e-06 8.58206429125186e-06 8.017685555096e-06 5.54963395971986e-06 6.08866289102941e-06 5.73422279534019e-06 5.9136529801586e-06 5.34717231108814e-06 4.97116246841913e-06 5.07116279717001e-06 3.80987113323744e-06 4.63305032559695e-06 4.6844736515656e-06 5.12265526244907e-06 5.20611720649584e-06 4.7714966817837e-06 4.09696302621104e-06 5.24153427114178e-06 4.00579433725334e-06 3.84725264997728e-06 4.99010849553834e-06 5.42835870318539e-06 4.38632412766198e-06 3.51059266036538e-06 3.29544554274e-06 3.89880685902083e-06 4.41625520945788e-06 5.11776686000813e-06 4.4288863478938e-06 3.55071535685648e-06 2.16571469500237e-06 2.76747220397106e-06 3.08635565280782e-06 2.82305220860398e-06 2.98642577654943e-06
26 NA 0.000230581845188909 0.000112706764757205 5.65556604326725e-05 4.24817611091657e-05 2.38898813157525e-05 1.60399256376732e-05 1.27194635730149e-05 1.24314866822657e-05 1.1206783651496e-05 1.14927350185487e-05 7.73613573448822e-06 5.7390314434175e-06 4.57518823512861e-06 3.91684644360388e-06 3.63745986232942e-06 2.832059606405e-06 2.71427508172458e-06 2.76083484154033e-06 2.19208141157698e-06 1.89467415530017e-06 1.35629980668183e-06 1.12246697229441e-06 8.78090484374188e-07 5.23503545616223e-07 5.14482647657624e-07 5.27811950112549e-07 5.40790926788661e-07 5.62563028486641e-07 5.19870561736361e-07 4.08609382794482e-07 3.26727770950976e-07 2.7526877652969e-07 2.7095142868205e-07 2.6881060510786e-07 1.98383033648184e-07 1.36909679249587e-07 1.07655712926144e-07 1.10348277830971e-07 1.16339461436866e-07 1.03659042224475e-07 1.26072720104361e-07 1.37505572618673e-07 1.39419153614921e-07 1.38371735717337e-07 1.46887970817638e-07 1.48377803028795e-07 1.5361823852665e-07 1.60979477218811e-07 1.7558562279551e-07 2.03999108264249e-07
1 NA 0.000312188181880659 0.000123172151122169 8.23218482000465e-05 6.13575738810958e-05 6.08166423653547e-05 4.24251428380868e-05 2.97414896709457e-05 2.4736564320228e-05 2.91089010879179e-05 2.77835815311949e-05 2.43331884850643e-05 1.7698248962002e-05 1.55090441519518e-05 1.83497198975899e-05 1.8945827942434e-05 1.88624995089964e-05 1.99293273889767e-05 2.46617057184874e-05 2.82468551303513e-05 3.36998729743275e-05 3.51139428098656e-05 3.02788588766525e-05 2.91150128587115e-05 2.74145336392038e-05 2.59100319973737e-05 2.61188402072035e-05 2.62355005852063e-05 2.61642846030634e-05 2.83548391542959e-05 2.85290644062331e-05 2.61289020291133e-05 2.49993968814342e-05 2.36494255669496e-05 2.19672417800896e-05 2.15383755704118e-05 2.18726919284206e-05 2.1303909629791e-05 2.12254099827456e-05 2.17896501327662e-05 2.25846686091637e-05 2.56092608795917e-05 2.79242077052395e-05 2.98532562444219e-05 3.3097412970367e-05 3.36940659746365e-05 2.93625055039645e-05 2.44167404461037e-05 2.04106193894824e-05 1.66533555351833e-05 1.38548675299824e-05
31 NA 0.000234410573308129 0.000100892739216055 5.64939986856215e-05 2.98768650326523e-05 1.37989501684923e-05 9.37185852742131e-06 6.6968804597404e-06 5.8511023165484e-06 4.41936844695841e-06 3.90032117979176e-06 3.77744699357235e-06 3.68086082602204e-06 4.18595993684786e-06 4.22970926913327e-06 4.12210328456483e-06 4.45581035119439e-06 4.74468147140898e-06 4.90448888025458e-06 4.92013083239822e-06 4.90438558149792e-06 5.00829804008024e-06 5.13586133221909e-06 5.12066956038973e-06 5.15306176272738e-06 5.2772708011461e-06 5.40163971976344e-06 5.43449581684061e-06 5.3667338598861e-06 5.14959683773752e-06 4.90520770617659e-06 4.73425405651038e-06 4.61787027449481e-06 4.55697751937018e-06 4.52375594344138e-06 4.46361507854019e-06 4.42861285580157e-06 4.47940243061705e-06 4.60121134099666e-06 4.76476428781801e-06 4.95737338553747e-06 5.22862992096705e-06 5.55672985453376e-06 5.9098934483774e-06 6.19306491176341e-06 6.48140094463507e-06 6.8131960030232e-06 7.18913992085411e-06 7.58507674220899e-06 8.02374881996172e-06 8.66922924708656e-06
22 NA 0.000255342319948578 9.39422299922853e-05 4.90638513213081e-05 2.8817158015469e-05 1.66864099897226e-05 1.01907258042384e-05 9.4575457519288e-06 7.12460863167888e-06 5.51437489104771e-06 4.72480082632192e-06 3.50820949011704e-06 2.74216069854278e-06 2.0826465544113e-06 1.71651516557964e-06 1.4057886006509e-06 1.08425193938069e-06 7.84649951533737e-07 6.95402369068096e-07 5.49717121422626e-07 5.02177422185081e-07 3.69969765158475e-07 3.56169128203062e-07 2.20404667527786e-07 1.61943233917564e-07 1.55085360789231e-07 1.64847686323689e-07 1.34451325144077e-07 1.37637304954583e-07 1.10972733664763e-07 9.3778251574978e-08 1.01786464682281e-07 8.51731986595872e-08 8.08483737851775e-08 7.47080270740059e-08 6.7627783952423e-08 5.34824336388969e-08 5.24742266542109e-08 4.94843555896799e-08 4.37021381455759e-08 3.53877572303606e-08 2.51555509674062e-08 2.09796835140202e-08 1.6598747309971e-08 1.85435947783542e-08 1.51217105815654e-08 1.11940436172556e-08 8.6457861997724e-09
36 NA 7.09893761610087e-05 1.3494253081628e-05 2.70716574219583e-06 6.77632607305644e-07 1.91506257145526e-07 7.51810834386894e-08 2.32012636873553e-08 7.41235836649357e-09
41 NA 8.06077408417897e-05 1.57641971276356e-05 2.95505280648016e-06 5.49024036091177e-07 1.03733077184673e-07 2.21278104593973e-08 4.51713519047847e-09
42 NA 8.99127253529277e-05 1.79972590992511e-05 3.70689423079913e-06 9.4619868530693e-07 2.56459607636037e-07 5.53880170058825e-08 1.2326189055473e-08 3.67006840218009e-09
37 NA 0.000237474716067716 0.000106573633431001 6.49856792705233e-05 4.28509503724845e-05 2.79642946465381e-05 1.90003520633107e-05 1.12535068112313e-05 7.13659683322746e-06 5.01999975307396e-06 3.40532796709448e-06 2.4090603392539e-06 1.75253619811262e-06 1.5034528886781e-06 1.10859212521352e-06 7.83354453983297e-07 5.96415880232319e-07 4.10298173124066e-07 3.57107085832586e-07 1.98698936415128e-07 2.06231691777244e-07 2.26502031004328e-07 1.45228568265384e-07 1.00719863609901e-07 7.40642163909422e-08 8.69223260824574e-08 8.22670082066651e-08 5.39827169785937e-08 3.70065943122914e-08 3.50379444664844e-08 3.11018569284006e-08 2.45998146552938e-08 1.89012316820099e-08 1.60465621809267e-08 1.30901882578589e-08 1.30935973885298e-08 1.05278623500074e-08 1.06764084520371e-08 8.72604367002543e-09
38 NA 0.000124131088901905 4.13837134394069e-05 1.33157682938599e-05 5.35787640800579e-06 2.15994880528954e-06 7.51046376485006e-07 4.12625460799739e-07 1.85746118546638e-07 9.31985211762826e-08 5.95591536446251e-08 2.65380640906758e-08 1.81618602475304e-08 8.25863914547195e-09
46 NA 8.32545206682788e-05 1.54341082263432e-05 3.13560446961016e-06 9.86652271690735e-07 3.25711230986739e-07 1.10085703896761e-07 3.15182746817236e-08 1.40988377702451e-08 3.47404177208872e-09
45 NA 0.000298116774764421 0.000146494981305269 6.78452872218853e-05 2.88823546701546e-05 1.47221677773119e-05 1.38527832360553e-05 1.32160304081535e-05 9.58068711995773e-06 7.10824094063012e-06 4.64194929717961e-06 3.51334873533146e-06 2.855128122819e-06 2.01454426584067e-06 1.5750204098418e-06 1.18013249524442e-06 6.43909620046337e-07 3.80784277340299e-07 3.70928351085683e-07 2.99645495442195e-07 3.50964090099754e-07 3.66206295714202e-07 3.09662598326952e-07 2.63030685074257e-07 2.33391406175003e-07 1.97359317842572e-07 1.7767553607586e-07 1.42572147000699e-07 1.0638162214114e-07 7.76595395835968e-08 4.64676670176261e-08 2.6575144794359e-08 2.10850413363345e-08 1.77225694093314e-08 2.76746618653646e-08 2.66764659009934e-08 2.57346572427974e-08 2.52392076764307e-08 2.05500567612824e-08 1.93412874783579e-08 1.33611809367731e-08 1.10100784849047e-08 5.9764498058687e-09
44 NA 6.5024755343866e-05 8.25138386964404e-06 1.58551328820288e-06 2.84805627453025e-07 3.50787797186404e-08 1.33511356722058e-08 2.69546820532879e-09
39 NA 0.000107181627741093 4.25113290973055e-05 1.86894505352407e-05 8.5434308302778e-06 4.16130466691823e-06 1.72948906435147e-06 6.55132688183449e-07 3.31808356973419e-07 1.58160210741594e-07 6.28940359140854e-08 3.81865452673095e-08 1.75494228467371e-08 7.31056576872844e-09
40 NA 7.51862322556952e-05 1.38346753320934e-05 2.80228454994111e-06 6.49772487635162e-07 1.68631436911358e-07 3.79048621598393e-08 1.53132401707913e-08 4.55186684163067e-09
53 NA 0.000103166181088556 2.62276279393853e-05 9.61732453846664e-06 3.41816803019823e-06 1.25898539249102e-06 6.44781601171081e-07 2.97412467278418e-07 1.25061077688861e-07 6.12458484472658e-08 2.89768937859437e-08 1.36494042260673e-08 6.27792933781336e-09
43 NA 7.52163179757197e-05 2.06997107433073e-05 6.63630408577691e-06 1.95219923937908e-06 8.00796807984275e-07 3.02055718817028e-07 1.34237735047101e-07 4.76669229585768e-08 1.60861361632008e-08 6.01807859977633e-09
61 NA 7.76508080221178e-05 1.64940634747666e-05 3.69410113685027e-06 8.32219089190647e-07 4.73279446588396e-07 1.51681348206421e-07 6.43091288299035e-08 2.94472818232701e-08 1.06287324077157e-08 3.8848969222174e-09
47 NA 0.000502910039981497 0.000329657737093958 0.000216553932754885 0.000146914500508527 0.000111716047490014 0.000109979662596613 0.000104572936926287 0.000111717806229117 0.000118016310011484 0.000123756864252071 0.000119090661835563 0.00010685713685388 8.75966122698849e-05 7.36686613663942e-05 7.21278056524024e-05 6.9870726671027e-05 8.83945408454379e-05 0.000102065007680529 8.13628629493274e-05 5.88107371733805e-05 6.30187965721788e-05 6.20898193303191e-05 5.2962621842687e-05 6.38245841001181e-05 6.28936156930793e-05 5.69905979130245e-05 5.58271727626283e-05 6.18053248062183e-05 5.25480317590386e-05 5.19987276843279e-05 5.50710027229402e-05 5.33770353570438e-05 6.2584509311214e-05 5.14037185624348e-05 4.20841497463432e-05 4.52761518288322e-05 6.28631706113374e-05 6.4062065830483e-05 5.16574135736907e-05 4.97311791711586e-05 5.59420410406534e-05 6.1396856216212e-05 6.68896099402961e-05 7.1472303186299e-05 6.9251511785558e-05 7.24968678096802e-05 7.17464289423031e-05 7.26129010412023e-05 6.64765505429916e-05 6.09095992178786e-05
54 NA 5.63508131172726e-05 1.0773257601868e-05 1.84220989524406e-06 3.72340604095183e-07 6.13185731661436e-08 1.69490656627771e-08 4.0135482840005e-09
67 NA 6.32092792880755e-05 1.61710758831385e-05 4.29963439520085e-06 1.13399520538678e-06 2.34545469262774e-07 5.32805702049703e-08 1.90106813916075e-08 7.1969216898053e-09
59 NA 0.000188991498628324 8.19972303836034e-05 4.92884343901305e-05 2.64121542713863e-05 1.46717150707752e-05 1.08414870613725e-05 9.39686466488807e-06 6.08125238165256e-06 4.68270585618085e-06 3.63863923232411e-06 2.83816593541838e-06 2.26921640606971e-06 1.72877260999797e-06 1.24895236301141e-06 1.08788529789162e-06 7.42290085044297e-07 6.18944292552994e-07 5.81269143734933e-07 4.66109778606522e-07 2.46383400044684e-07 3.23605606013659e-07 2.78585900447527e-07 2.09779536660547e-07 1.71383217214149e-07 1.29395882011142e-07 1.35965459745975e-07 1.1449965661006e-07 9.29405390078773e-08 5.82119199346178e-08 6.86878133062654e-08 5.78374704955989e-08 4.34632628271643e-08 3.90875587070532e-08 3.19107018463777e-08 3.08444743966746e-08 2.54293053735063e-08 1.56435162092246e-08 1.99130778496108e-08 2.98216887724056e-08 2.66395236885795e-08 2.16004188211424e-08 1.56318021127098e-08 1.21225115760043e-08 9.36108209096522e-09
66 NA 9.91638934946374e-05 3.30050810869717e-05 1.2217924105732e-05 4.3128881129764e-06 1.29010841106471e-06 3.10235093906221e-07 5.87393651911369e-08 2.05667334119406e-08 1.57803949609129e-08 5.61644867545816e-09
57 NA 9.50343883238906e-05 2.94705195924372e-05 9.43475543767539e-06 2.66584310775398e-06 9.96265137992538e-07 4.07041224861007e-07 1.42701906985728e-07 4.7075957436906e-08 1.57879578450353e-08 4.85003875354293e-09
55 NA 0.000190853691952443 8.75383217797141e-05 5.41974988752764e-05 4.20760932225306e-05 2.97338908743062e-05 1.67347946293919e-05 1.11402034566467e-05 1.07478005005749e-05 8.84026399287797e-06 8.4086226493459e-06 7.74460400776325e-06 5.56470455234312e-06 4.40060074759946e-06 4.20192197721047e-06 3.82054816978035e-06 2.94137536484981e-06 2.50809120910897e-06 2.49755945414283e-06 2.1365614071374e-06 1.83344035362122e-06 1.74536728403381e-06 1.40709923971242e-06 9.1978470333092e-07 7.33928711184241e-07 4.17242441915011e-07 3.07708594473255e-07 2.89806287295487e-07 3.94677286678687e-07 4.00308707844466e-07 3.70199155257887e-07 3.99598740982524e-07 3.49826223900129e-07 2.6343495894718e-07 1.26585878864562e-07 1.30513807081024e-07 1.18538740093047e-07 1.3118427789942e-07 1.2012853361667e-07 1.02585994398157e-07 8.74132528922753e-08 6.97963037835987e-08 6.66462983124449e-08 6.30330837970371e-08 5.33700315559941e-08 3.09678264599857e-08 4.18584932820749e-08 4.04645848072603e-08 4.86543242623362e-08 4.36171300410539e-08 3.72287781638008e-08
62 NA 0.000139781770007971 3.90837412067286e-05 1.87816113134544e-05 8.88764146435058e-06 4.4231445584046e-06 2.4780975745832e-06 1.04328183815145e-06 6.8207933840947e-07 4.55703195691375e-07 1.85593715942829e-07 1.43267231971093e-07 7.6359317008668e-08 3.92405781202631e-08 2.14516743070151e-08 1.20829039270552e-08 7.72559452847803e-09
64 NA 5.3041634587603e-05 8.1654817039766e-06 1.58862362886139e-06 3.30722367434514e-07 7.31654226601187e-08 1.78819981177802e-08 4.01287457464303e-09
48 NA 0.000268078757691267 0.000130604928080709 7.11442631334858e-05 4.76027435032125e-05 3.65230077775135e-05 3.04360218236526e-05 2.68432537661299e-05 2.61366287065813e-05 1.96726197945295e-05 1.35948042036098e-05 1.21168580181183e-05 1.025241426035e-05 8.93748106149165e-06 9.93591147528003e-06 8.33020109506268e-06 9.07080530544433e-06 7.98159444047086e-06 5.68978791043867e-06 5.4781337811858e-06 4.75687570992856e-06 4.95069948075154e-06 4.08883379949322e-06 3.87214207298208e-06 4.45276084230752e-06 3.0008105782862e-06 3.53759699602543e-06 3.2622377696582e-06 2.83713593921291e-06 2.35237931501601e-06 2.24853459850814e-06 2.0465378442671e-06 2.59054591009432e-06 2.62896315141105e-06 1.88113370530464e-06 2.07239723901593e-06 2.69070217521568e-06 1.95241753052561e-06 1.94644739527617e-06 1.99903349396255e-06 2.36552925604147e-06 1.91009024862197e-06 1.42744264589752e-06 1.54990141790115e-06 2.11686427615629e-06 2.16474090033947e-06 1.97722195486025e-06 1.61124444391126e-06 2.02960880092072e-06 1.53886158069356e-06 1.37015932612196e-06
49 NA 0.000876163674965935 0.000618112307693364 0.000412906782163252 0.000286048273321953 0.000262332502022339 0.000230961406927215 0.00020154478722737 0.00020429184120904 0.000212883817206978 0.000254245981398192 0.00027977653104109 0.000257128486896565 0.000214261803220824 0.000196172390860745 0.000178216924439811 0.000129130082554266 0.000125048959363203 0.000148878575119877 0.000110708970168444 0.000110448659735493 0.000122506953599192 0.000125173886141151 0.000105819328981014 0.000121974946888715 0.000144671973603461 0.000131460643629327 9.93698487157832e-05 0.000106262802432166 0.000107925706525007 0.000130365370266942 0.000146756105302693 0.000150904921134821 0.000147803262802429 0.000109018603667595 0.000113647335340321 0.000103464321675997 0.00011076133677443 0.000107522603500286 0.000113192838551475 0.0001300275399439 0.000138565750784716 0.000133035836253941 0.000134193266985247 0.000125518810215711 0.000158099163015039 0.000158027348445421 0.000183437491761919 0.0001536993276077 0.000139029665261389 0.000149288375419871
69 NA 0.000100301189454071 3.45632218419881e-05 1.28770626023361e-05 6.2378587846826e-06 2.9635725956099e-06 1.20822701497359e-06 4.2845109819926e-07 1.52274770015407e-07 5.36180421612915e-08 2.12363758682564e-08 9.37431271801594e-09
52 NA 0.00038533792167409 0.000254164000195748 0.000166604805693672 0.000121142440623692 9.78558145703856e-05 7.00080983988099e-05 5.83670768222919e-05 4.72304153241189e-05 4.05336173271044e-05 3.33360589150349e-05 2.68220664308253e-05 1.81285288945973e-05 1.66592999748174e-05 1.6531947311152e-05 1.72883171152722e-05 1.71782063742072e-05 1.34885946782553e-05 9.46139369480436e-06 1.08915796024454e-05 1.18288945176785e-05 9.88637708980726e-06 9.72344722981611e-06 1.01088641538845e-05 1.10736984154402e-05 8.93256018092471e-06 7.21485620235409e-06 7.00717187982606e-06 7.42601259528738e-06 7.3905494900941e-06 6.62930350316071e-06 6.31630332442946e-06 5.78224124491303e-06 5.05399552359245e-06 5.37190067627043e-06 4.57649580443137e-06 5.0392156237277e-06 4.42717697809383e-06 3.75659191321544e-06 3.92825263377513e-06 3.35637591333587e-06 4.1756064462026e-06 4.72589356281658e-06 5.13667567751679e-06 5.64672942250669e-06 5.62057338329655e-06 7.15192556770695e-06 6.99932003516891e-06 7.01713270989908e-06 5.5142503048232e-06 4.70631250332528e-06
56 NA 0.000234048369032895 0.000104736689053503 6.15147802228964e-05 3.43220350381855e-05 1.62588512570756e-05 1.21868562396004e-05 9.33654397620957e-06 5.9536623857642e-06 2.81057251870485e-06 3.71874469783414e-06 3.65182448663632e-06 2.73666506586898e-06 2.04728097909192e-06 1.47502614683784e-06 9.37076765589038e-07 5.93654814516115e-07 4.86024788012897e-07 3.95041531444032e-07 4.25744389275798e-07 3.66708996884845e-07 2.72364640651496e-07 2.58325820882566e-07 1.75469112371664e-07 1.06196985295146e-07 1.09685591372567e-07 9.9780297428872e-08 8.71960492621216e-08 7.66293662537991e-08 6.01560916991259e-08 4.71436139893877e-08 3.06123884375478e-08 2.22849288086424e-08 2.39895230609355e-08 2.15160271527206e-08 1.99717553892397e-08 1.83209572338752e-08 1.76631954408566e-08 1.12623003662457e-08 9.38184758911498e-09
63 NA 0.000286136952482122 0.000155348935630287 9.36087921978432e-05 8.54595697058789e-05 6.2496465341928e-05 3.76655760556707e-05 2.52185498162054e-05 1.97102117161562e-05 1.86010453933079e-05 1.53571510861972e-05 1.5479519105462e-05 1.52227181663668e-05 1.43978858943121e-05 1.0226191169926e-05 8.12301733205085e-06 6.72318933274564e-06 8.62434011230676e-06 1.00264650805713e-05 9.27038510883991e-06 7.33770677940227e-06 5.19278869845958e-06 5.01161439458316e-06 4.84603672488566e-06 4.79766144414258e-06 4.67108802057813e-06 4.30282281552184e-06 4.06292668617749e-06 4.12252492628738e-06 2.2551065606601e-06 2.88316235534238e-06 3.64219166423001e-06 4.27761790496691e-06 4.61244691577893e-06 3.61022229267848e-06 2.52283942496165e-06 2.33106101095713e-06 2.08048588210465e-06 2.81785619474848e-06 2.58171233740152e-06 2.40904841541457e-06 2.4966119104769e-06 2.61963379500028e-06 2.16996463292546e-06 1.75565776640613e-06 1.72164634584117e-06 1.92365640614525e-06 2.55790859791699e-06 2.68395274032264e-06 1.96173497486969e-06 2.05617782369535e-06
65 NA 0.000326175745984567 0.000160626947943102 8.84954620083153e-05 5.88808555256317e-05 3.45427073721459e-05 1.95318623621086e-05 2.09221097276852e-05 1.55179717089909e-05 1.12265323088836e-05 8.35815647297783e-06 6.16841913399421e-06 3.50124114044647e-06 3.65630001430388e-06 3.23493257202883e-06 3.63491092681833e-06 2.92594597669696e-06 2.30943739036221e-06 2.00993549650835e-06 1.40816820109655e-06 1.04251357009098e-06 7.98046212672646e-07 8.60228199922523e-07 7.91815606504272e-07 8.50552952077735e-07 8.6814710058081e-07 7.5574086132986e-07 4.75278337586345e-07 3.92405720086843e-07 3.70354772020394e-07 4.42631731273092e-07 4.60378256638054e-07 3.30944050180878e-07 3.47465030581121e-07 3.0553328037033e-07 2.52906112220942e-07 2.1871166341232e-07 2.15989216135832e-07 2.29800250352102e-07 1.81645483292798e-07 1.43059244253801e-07 1.67363650686824e-07 1.47080822798773e-07 8.44838184597421e-08 1.2721831139023e-07 1.41978104368452e-07 9.92086840974733e-08 5.64215430737694e-08 9.62908139269254e-08 8.32808140154898e-08 5.68735254788911e-08
50 NA 0.000740900868568393 0.000400955811255797 0.000373958528081729 0.000400112100019357 0.00035272212081901 0.000241425583623166 0.000163325086576377 0.000185515951990118 0.000206875606353171 0.00019698280361132 0.000183358571277098 0.000124752813090407 0.000114976454410251 0.000136120961885576 0.000129059679462485 0.000145022721586023 0.000166238186218207 0.000169128997106427 0.00016538832715201 0.00014159102961597 0.000134960535451386 0.000137142551636072 0.000102240045327932 0.000149183762993392 0.000171145392966877 0.000132800584396993 0.000121089858509171 0.000139721273630442 0.000160849553592383 0.000209689932917083 0.000179657733822088 0.00017382794374306 0.000151325736681744 0.000143045590649707 0.000147401235604109 0.000148797695628632 0.000129278188817472 0.000135712206207217 0.000121385085347201 0.000133124855716926 0.000120110051315516 0.000131969552763668 0.000135763234734113 0.000172692136276737 0.000204976274992791 0.00020842506695133 0.000200758826691903 0.000196785744829903 0.000173211715252454 0.000135345230940306
51 NA 0.000317786886708116 0.000139549665132933 0.000109495096082537 0.000100205223709529 8.34350612555012e-05 7.24931398560434e-05 5.96318682676572e-05 3.92829853497742e-05 2.98338429995677e-05 2.59187857951867e-05 2.63333904069586e-05 2.77693912593341e-05 2.32631864549465e-05 2.00518546744496e-05 2.06760426812678e-05 2.09077119387068e-05 2.20431567951403e-05 1.87544701348145e-05 1.65011338908156e-05 1.66014080686995e-05 1.69466041987659e-05 2.10526110215869e-05 2.00300371380376e-05 2.09441369289366e-05 1.99636615708726e-05 2.07711245545687e-05 1.9266823350929e-05 1.31673859867389e-05 1.19773458924749e-05 1.50577798750748e-05 1.47282855588642e-05 1.30851838345362e-05 1.57413362765293e-05 1.7652948474496e-05 1.79902814576007e-05 1.70389881366478e-05 1.22825717707343e-05 1.13687822173773e-05 1.81164730045984e-05 2.0534179402293e-05 2.16805990022636e-05 2.42831515718489e-05 2.74501650058857e-05 2.86919529503807e-05 3.03780098007383e-05 2.53042437778134e-05 1.99240909115356e-05 1.94289368887067e-05 1.66298258039566e-05 1.47936198671912e-05
60 NA 0.000139218291991139 6.45256977036678e-05 2.18176383875334e-05 1.20609062665782e-05 6.99623536879298e-06 4.09446584337591e-06 3.09006413689606e-06 2.34628619324961e-06 1.88254850548045e-06 1.47465555816306e-06 1.19177234473245e-06 9.04763147307067e-07 7.19414836840331e-07 5.91361774562545e-07 4.78033301632832e-07 3.70723527049156e-07 2.8197355769795e-07 2.19054937293034e-07 1.68182795012823e-07 1.38612318931497e-07 1.19856236309766e-07 1.00598740495412e-07 8.1709283361801e-08 6.14673208407777e-08 4.84840926633758e-08 3.87535732154228e-08 2.7388697292179e-08 1.89158628048703e-08 1.39370466103226e-08 1.24118453786977e-08 9.45846522185712e-09
58 NA 0.000283782800493872 0.000124130489479247 0.000101033299224058 9.40792320172588e-05 0.000101625882199914 9.02848036152311e-05 7.00290391275808e-05 5.91688299751037e-05 5.60815983040385e-05 5.28723729645615e-05 4.76166408546027e-05 4.41220686785092e-05 3.93505838553802e-05 3.56894910720006e-05 3.35048165487101e-05 3.26825902317491e-05 2.92589004715988e-05 2.66219113318688e-05 2.54447639155563e-05 2.53076745446679e-05 2.54676805894047e-05 2.52774590164294e-05 2.3999803249878e-05 2.2609779386576e-05 2.22214203788996e-05 2.24423979949489e-05 2.21606353560008e-05 2.19431412125823e-05 2.21197759370335e-05 2.1965018550958e-05 2.16790274940611e-05 2.12746290526775e-05 2.08064236038141e-05 2.10740441216276e-05 2.14536994722482e-05 2.1028242036726e-05 1.99119397844362e-05 1.91452898621692e-05 1.8921394300263e-05 1.93520121262042e-05 2.01283110482429e-05 2.09349680441952e-05 2.18484317697699e-05 2.21747456848571e-05 2.16534439843417e-05 2.09613353666841e-05 2.08518575780997e-05 2.10307479186743e-05 2.04120262846243e-05 1.99234066505946e-05
68 NA 0.000317129514844094 0.000167653748589314 0.000101422338831893 6.89531285648023e-05 4.30529640651512e-05 2.52431735331482e-05 1.51030178810964e-05 1.27135240165578e-05 1.26078839431072e-05 1.06328388472439e-05 8.62766875909234e-06 7.59927147378073e-06 4.91581214359547e-06 4.9166402213838e-06 3.93582094244039e-06 3.46282551832118e-06 3.25515115100324e-06 3.01701938526825e-06 2.93285384402552e-06 2.30352132814783e-06 1.9463398361801e-06 1.92413780880537e-06 1.97241391058317e-06 2.17973493817492e-06 1.96834911793546e-06 2.091857283009e-06 2.07989597629087e-06 1.53963129757182e-06 1.20331182538538e-06 7.51836729969134e-07 5.3956730851407e-07 7.88061306968147e-07 8.78381380333141e-07 8.62718338911158e-07 8.65551225637718e-07 8.30655133771287e-07 1.03443745864596e-06 9.18573982933028e-07 7.55147271092571e-07 6.87404928068951e-07 4.44615679548466e-07 4.46208378093173e-07 4.85818160763423e-07 3.96801578396771e-07 4.61424539191195e-07 5.15402878079363e-07 4.11965701574648e-07 3.66040645327872e-07 3.37766422358856e-07 2.73160988483947e-07
70 NA 0.000274200219988195 0.000114617327562075 5.41238033048977e-05 3.49795944198211e-05 2.15791114137842e-05 1.33979990976407e-05 9.00497885728654e-06 7.88240093754249e-06 7.39845232267722e-06 7.60241669325685e-06 4.49473707552434e-06 3.93541019461949e-06 3.15815353392615e-06 2.54790228083996e-06 2.37406068806503e-06 1.86784096871339e-06 1.64363192989803e-06 1.47804562778358e-06 1.42235461745522e-06 1.16630051090637e-06 7.98296416524898e-07 7.37428303591046e-07 5.35348410801332e-07 4.888953304247e-07 4.00303226005513e-07 3.97839375444364e-07 3.32949053665131e-07 2.70863635240934e-07 2.44672133975856e-07 2.15171519906748e-07 1.72960102457925e-07 2.08000114945298e-07 2.14276516913756e-07 1.63373602259952e-07 1.69851432555912e-07 1.30178188587568e-07 1.00671237991085e-07 1.03657248202456e-07 8.20703502124022e-08 9.60844627273444e-08 9.67528720369456e-08 7.03308052034257e-08 6.35005629929312e-08 4.54815241565824e-08 4.501952737048e-08 3.89375920530776e-08 4.47228939410342e-08 4.2796245797632e-08 3.42017350944913e-08 3.04397581947785e-08
72 NA 0.000117531792761713 3.11696215732829e-05 8.87460842108457e-06 3.55512891817801e-06 1.71479007270563e-06 4.66364512500032e-07 1.38940202345237e-07 6.39494504972983e-08 3.24859133048558e-08 1.36097539105671e-08 7.57433209572706e-09
71 NA 0.000353978990431164 0.000247032655563852 0.000225284988543193 0.000154549332623453 0.000100443220195441 6.03802734243717e-05 3.24963027642147e-05 2.42579463553816e-05 2.80874833179462e-05 2.98509034297465e-05 2.30043601835421e-05 2.00433814279006e-05 2.24837181058974e-05 1.77749146389443e-05 1.3496283509017e-05 9.92691573405421e-06 8.70507059612035e-06 9.40589459752206e-06 9.33289368836233e-06 1.04902336481984e-05 6.61046829528521e-06 5.24028267332686e-06 6.43223569771898e-06 6.62105918604089e-06 7.8477636026306e-06 9.49577762289463e-06 9.96105743733969e-06 7.87889217685352e-06 7.20941341546359e-06 6.46157360757099e-06 4.87300556879998e-06 5.44408735438116e-06 5.44087404700925e-06 6.83263382750019e-06 7.63008169482171e-06 6.9154625201813e-06 6.84705328471982e-06 5.64524299011882e-06 4.2800624765728e-06 3.93458302299419e-06 3.80806653790788e-06 3.08983171895408e-06 3.83003020038659e-06 4.69312078394459e-06 5.54774309215703e-06 5.85900723372577e-06 5.78115747745242e-06 5.48584047881765e-06 5.6904789921089e-06 6.46207948370419e-06
