5 NA 4.69980765858925e-05 4.34518849356104e-06 3.49376437695169e-07 4.26485062296606e-08 5.10424773822288e-09
2 NA 0.000117003767577036 3.98495080689108e-05 1.24115686913667e-05 4.87712370473261e-06 1.86437119192323e-06 7.27844303698891e-07 2.82274407692624e-07 1.20151544437448e-07 4.91012708276827e-08 2.19970262322827e-08 9.301606027233e-09
4 NA 7.79826145545402e-05 1.38471422492062e-05 4.63226810999408e-06 1.56613439680499e-06 4.52114421782974e-07 2.06601324471436e-07 8.9837745623148e-08 3.96091728791653e-08 1.51412619134479e-08 7.0140246557395e-09
15 NA 6.33746575477162e-05 1.33129113573285e-05 4.42833760081975e-06 1.92789914609649e-06 7.7288209075392e-07 2.34659037771142e-07 5.16123024477089e-08 2.61251628098885e-08 1.07795900291558e-08 4.47286702266019e-09
8 NA 0.000102193807765031 1.65969470469156e-05 3.70850814430532e-06 8.29080580265246e-07 2.524759427087e-07 8.20434013881666e-08 2.19438005444947e-08 5.21926373386223e-09
20 NA 6.91126972615681e-05 1.72571113753748e-05 4.89481746038778e-06 2.42005728211405e-06 1.041526060223e-06 4.51737982291488e-07 2.13755140408799e-07 1.14501749828916e-07 5.04677343224356e-08 2.97258124196203e-08 1.77639642597988e-08 1.09681765838164e-08 1.69384315210561e-08 1.59285771202097e-08 7.95241518255829e-09
35 NA 5.22342813436217e-05 6.40090130648436e-06 8.04432032158292e-07 8.74159991968703e-08 1.12952978614495e-08 2.0078937633007e-09
3 NA 6.72792438227889e-05 1.26262482484593e-05 3.12791107616986e-06 6.78761731326963e-07 1.52230646808506e-07 3.32564136155411e-08 1.0132563250343e-08 2.01992038175756e-09
29 NA 6.54277782694789e-05 1.31871975232432e-05 2.75827966904636e-06 7.11992519200122e-07 1.28907900981048e-07 3.92650116136633e-08 8.26633275103109e-09
13 NA 0.000177007942101563 7.22268125187145e-05 3.15080704902027e-05 1.27223578284498e-05 7.35076208048066e-06 4.20155472534617e-06 2.11111564307727e-06 1.09438019894118e-06 5.10215484147545e-07 2.68590351259585e-07 1.31045231209211e-07 9.82086863226923e-08 6.95415144559592e-08 4.23733912600459e-08 2.61545688041968e-08 1.43364887131596e-08 8.152330635276e-09
9 NA 7.09801315633815e-05 2.70668211486727e-05 7.49983296021458e-06 2.94618796406925e-06 1.37526819203795e-06 6.5227425135433e-07 3.00125980755469e-07 1.39615360164809e-07 7.02061708056668e-08 4.36622668788402e-08 3.24229680559204e-08 1.28931114593754e-08 6.82268218851238e-09
34 NA 8.32929480429001e-05 1.6981170277448e-05 4.35662835040967e-06 1.57652834088941e-06 4.9708347722001e-07 2.35686105099179e-07 7.24227610030527e-08 3.33924490875562e-08 1.10364344965814e-08 7.0687454468142e-09
17 NA 0.000102142564384096 2.78062684680517e-05 1.10554749284464e-05 5.55776920622533e-06 3.0625196132047e-06 1.1268551127439e-06 8.55515626389052e-07 6.19754849799383e-07 2.91176304245233e-07 1.50421059522266e-07 8.97355569838102e-08 6.20310377622895e-08 7.79557719005864e-08 6.37435688359988e-08 3.54118048200057e-08 1.99957752161352e-08 1.36444007830675e-08 1.68564596127119e-08 1.72154404690242e-08 1.91720464535924e-08 1.19288126319728e-08 4.93632560542402e-09
6 NA 0.000109353210263202 2.85154160393517e-05 1.28353619415194e-05 7.3074796596427e-06 4.18516097828845e-06 1.83694969318645e-06 7.97504285887457e-07 3.93269655730079e-07 2.72822940706173e-07 1.53337005453823e-07 6.73204616282988e-08 3.66792852900838e-08 1.67965785655262e-08 1.35617715376859e-08 1.44149309651621e-08 8.63377772905018e-09
7 NA 9.57125303373062e-05 4.85747947900008e-05 2.13645675705726e-05 1.32933404610636e-05 6.68279647257246e-06 3.41007682718694e-06 2.09726791607463e-06 1.66145459341973e-06 1.22696122243083e-06 7.43468539091966e-07 6.42271769246647e-07 6.08762916831023e-07 4.84742024198747e-07 2.62515137448717e-07 1.50123067374513e-07 1.14019964145057e-07 1.22947281848588e-07 9.58799172142902e-08 5.01394795744629e-08 2.23261364631701e-08 9.97502707431249e-09
18 NA 0.000145742748711768 4.81836373925171e-05 2.53435695695152e-05 1.48739584291053e-05 7.03704454533357e-06 4.7628812960925e-06 3.90654381328746e-06 1.84126916293933e-06 1.14073753233616e-06 1.09989855681026e-06 7.9400823690946e-07 3.90284950726713e-07 2.92673289910719e-07 2.7990932845607e-07 2.28187806455556e-07 1.69744466482135e-07 1.32157335848501e-07 1.02299088996401e-07 7.55279340157553e-08 5.39749442486603e-08 7.96942670858286e-08 8.11832151755127e-08 7.00814948648952e-08 5.867487780516e-08 5.86835499682299e-08 4.75917513466585e-08 3.67748417530242e-08 3.26743688696513e-08 2.44906861874398e-08 2.27162930481488e-08 2.86239356271848e-08 2.52777284853586e-08 1.93861540880963e-08 2.35476799513116e-08 2.69661893529642e-08 2.60819643263163e-08 1.85402861800597e-08 1.20106316494875e-08 1.50993062968353e-08 3.29587088647211e-08 4.62848340356999e-08 5.19137639438413e-08 4.16107045102454e-08 3.58162506279383e-08 3.57093226546553e-08 2.44708712301155e-08 1.56085340374935e-08 1.3520063448721e-08 2.12856244922999e-08 1.87087348171697e-08
24 NA 0.000184836671485832 8.02108294931124e-05 4.50878334422326e-05 2.38873422565093e-05 1.3830472631967e-05 7.91761441157536e-06 4.59645636219561e-06 3.31860864931247e-06 2.85756898599634e-06 3.03178779994939e-06 2.88828141980607e-06 2.25241099589925e-06 1.84842067633612e-06 1.45595615700872e-06 9.20179652539009e-07 5.80807212749406e-07 5.13777035476107e-07 3.20036777299808e-07 1.89994181752229e-07 2.00881359347144e-07 2.10118545164575e-07 1.96426000485657e-07 1.94255134066609e-07 1.79608237015236e-07 1.26934803260625e-07 8.50504584293145e-08 5.56007901751125e-08 4.07266265307094e-08 3.57081813996103e-08 3.60699291586604e-08 3.57883946365437e-08 4.44217957853988e-08 3.925577084395e-08 3.15451823896328e-08 2.19980522938753e-08 1.2323952340078e-08 1.18322498859362e-08 1.0038518176301e-08 8.45504468256578e-09
33 NA 0.000144901654525 5.39873373386366e-05 2.66439748604411e-05 1.96855656746979e-05 1.05479676362936e-05 5.75310574834827e-06 3.73919899080926e-06 3.36454126868405e-06 3.09296834735231e-06 2.38210055130319e-06 1.9068026062388e-06 1.18975558270289e-06 8.75473346932011e-07 7.12008809925609e-07 6.27226608750143e-07 5.86237240511764e-07 3.65719119070863e-07 2.31669788023019e-07 1.86345933826295e-07 2.0649508863778e-07 1.77287747417189e-07 1.24978672081252e-07 1.14292726754501e-07 1.15077627740235e-07 1.3371769455051e-07 1.48046198908771e-07 1.52935538409269e-07 1.3660905522951e-07 1.04195019110599e-07 8.25851654789548e-08 7.67481895253409e-08 6.33320252322236e-08 4.16966154995202e-08 3.11553728816883e-08 2.42708700595084e-08 1.84212558777875e-08 1.70371554048821e-08 1.65641767795263e-08 1.50463420648242e-08 1.31233398289126e-08 1.14172949419229e-08 1.03040097882344e-08 8.96255262203701e-09
32 NA 0.000175469322821481 5.86180964629298e-05 2.95710333839224e-05 1.78255960966483e-05 1.03677960447858e-05 9.06802083782284e-06 5.99991911843185e-06 3.53086852226021e-06 2.93709786834984e-06 2.96259394469585e-06 2.90907797690442e-06 1.95306003317508e-06 1.28562228596307e-06 1.04646407666645e-06 7.77755497357246e-07 4.9312705323064e-07 3.97749556475821e-07 3.32978591321921e-07 3.1073098893859e-07 2.76484194265473e-07 2.22950703788039e-07 1.92997564304252e-07 1.32742698934872e-07 1.02875346648325e-07 7.93401266501314e-08 6.63181209565175e-08 6.33514571712365e-08 5.23433171266254e-08 9.44803219557472e-08 7.44397933312622e-08 5.43672899153587e-08 8.2476707386267e-08 5.7165658528378e-08 3.61350038051689e-08 4.73135024350171e-08 3.06159144399451e-08 2.48386385302282e-08 3.12299764865251e-08 2.47438621318052e-08 2.2009324717821e-08 1.80619035583922e-08 1.47233557881371e-08 9.40246392080464e-09
12 NA 0.000130606981803181 4.90179611077538e-05 2.17560267208212e-05 1.20396631420011e-05 6.26953125879166e-06 3.58364897984444e-06 2.58553725757817e-06 1.78324567299919e-06 1.47661915521207e-06 1.16613428299574e-06 1.12182029108559e-06 9.48893722932544e-07 8.34079587573701e-07 6.41577308974006e-07 4.73563057081908e-07 3.50678027524434e-07 2.53026478449091e-07 1.69480384159783e-07 1.26926741517194e-07 8.89084380600341e-08 6.46523739399912e-08 4.84315171951273e-08 3.17723126270928e-08 2.3158729217155e-08 1.55613441180831e-08 1.3434478959523e-08 1.17955339189936e-08 9.33972849422237e-09
21 NA 0.000132327907597802 8.24094134931046e-05 4.53640242244341e-05 2.94178712479862e-05 2.34025534986341e-05 1.82189515542764e-05 9.66988003213116e-06 8.02055102333005e-06 7.37228251368305e-06 7.57400766247582e-06 6.59156110219192e-06 5.80787616363211e-06 4.17067065627011e-06 2.46590916339922e-06 1.9911863350315e-06 2.41717253753324e-06 2.34714144672371e-06 1.58890335920327e-06 1.58989391875322e-06 1.71813591728472e-06 1.67556070263484e-06 1.37647450218125e-06 1.08504203295927e-06 7.90136466179945e-07 6.90117427231582e-07 5.58519473221897e-07 5.63669795464467e-07 5.86645151040481e-07 4.75845079551615e-07 3.53125981375192e-07 4.45863044759398e-07 4.14246090986505e-07 3.63714417820418e-07 2.69275958765057e-07 3.54426078396947e-07 2.87335878112102e-07 2.68943207588531e-07 2.98543841878358e-07 3.09449026451786e-07 3.29359587496909e-07 2.17814600086804e-07 2.36200762065707e-07 2.161908269291e-07 2.24073006757426e-07 1.91112413065106e-07 1.35208775306659e-07 1.32681525196599e-07 1.24710359687165e-07 1.41426914124938e-07 1.55591325296062e-07
25 NA 0.000205058370190608 9.3304002301596e-05 7.0008777210466e-05 3.93402664362734e-05 2.38118068905521e-05 1.95824743336158e-05 1.54799543898569e-05 1.34821622357476e-05 1.20958145092794e-05 9.62655033476063e-06 1.13621399433928e-05 9.90633452490123e-06 7.41030904769589e-06 6.87302909405674e-06 8.4618670533619e-06 7.16864937183438e-06 5.34002802071177e-06 4.78360590037519e-06 5.01903415721254e-06 4.36584468679142e-06 4.3658691511109e-06 3.81786722904292e-06 3.12921700448227e-06 3.70640683662908e-06 4.91041183653101e-06 4.44878613018746e-06 4.5793354072811e-06 3.84980679629114e-06 2.75144656987175e-06 2.74516050282131e-06 4.33049430080796e-06 4.40981397307534e-06 3.31223622347512e-06 2.97091147339628e-06 3.62417004486558e-06 3.52270734942154e-06 4.63657315024494e-06 4.32578994297683e-06 3.38302555183872e-06 3.31116562760672e-06 3.93051337103655e-06 3.03790020672556e-06 2.70225490045161e-06 2.86496385723558e-06 3.37838324183808e-06 3.09014582790892e-06 2.31147677198457e-06 1.92279070371009e-06 2.61692591987067e-06 3.1717613675208e-06
27 NA 0.000447062488037716 0.000255721540510097 0.000156166652524113 0.000121135741186084 0.000107299978574031 0.000111375077921288 9.6722529724553e-05 0.000106068712014434 9.58108588666388e-05 0.000100744242488783 6.87973327504384e-05 7.199307531876e-05 7.4070460762311e-05 7.72861918924749e-05 7.02387052145891e-05 7.60676430391421e-05 7.10497765966478e-05 7.91399197748571e-05 0.000111318596095035 0.000112966951405971 0.000107964130642921 9.47521219046317e-05 8.01514081485537e-05 5.69204386752013e-05 7.37585707354757e-05 5.89808078019238e-05 7.29847028135542e-05 6.04702131731973e-05 6.51061216136694e-05 7.32639658983527e-05 7.03032272400255e-05 7.06430322941599e-05 8.38516946761183e-05 8.04482033600061e-05 7.80985596943285e-05 7.45126598653478e-05 7.22534703344127e-05 6.89637870999782e-05 7.06246257854127e-05 6.8848052263862e-05 7.84629649170105e-05 8.00514263580386e-05 9.27772405179189e-05 7.73669745316225e-05 6.44047379520105e-05 7.63122635785602e-05 7.85760400859717e-05 7.97884633362881e-05 9.76920702084725e-05 0.000104315856673833
16 NA 0.000265110174203993 0.000128237769934525 6.67795397130675e-05 4.84939544759388e-05 3.49057896364264e-05 2.41374604282496e-05 3.13502802375403e-05 3.23945147936261e-05 2.62349019657483e-05 2.69555581800476e-05 2.41813460694462e-05 2.22180137992388e-05 2.03873290932889e-05 2.01715378022937e-05 1.96219773407701e-05 1.47275005499783e-05 1.25728162005556e-05 1.08924278574662e-05 9.82391426497482e-06 9.81696970305686e-06 8.9147777430695e-06 6.3825334616843e-06 4.31967305223187e-06 4.49182047318884e-06 4.07857275430468e-06 4.79046063337872e-06 4.22209222020086e-06 5.75048532418444e-06 7.42967363734346e-06 6.71524374478236e-06 7.08066885758548e-06 7.23754879571204e-06 7.03013236627178e-06 5.36100916055107e-06 4.88446269138762e-06 4.29263117430712e-06 4.04700613960341e-06 3.06270297721977e-06 3.35694936742372e-06 3.66489062182153e-06 2.5364026141735e-06 2.27774459283017e-06 2.91401983003339e-06 2.4124487748019e-06 2.96124353579544e-06 2.53521608200212e-06 3.22434347815197e-06 3.3732884024339e-06 5.37214504947576e-06 7.30987010174424e-06
11 NA 0.00012925995644575 5.57469788989919e-05 2.66629099163536e-05 1.59053772569021e-05 1.2108331220503e-05 1.06500493248953e-05 8.39582746141408e-06 7.61776468366207e-06 9.4251859681469e-06 1.11230526713433e-05 1.35208139864205e-05 1.66619747703753e-05 1.94217554099039e-05 2.16734592363506e-05 2.39609614934726e-05 2.51191280338819e-05 2.49065380968011e-05 2.36838269718699e-05 2.28471165693522e-05 2.24287402154082e-05 2.13762813141446e-05 1.96395420970349e-05 1.84763740506177e-05 1.87279532042126e-05 1.96813977095195e-05 2.08713883774245e-05 2.1992088606043e-05 2.2386349408987e-05 2.26779124054917e-05 2.2978953540294e-05 2.26680032363187e-05 2.17929778866925e-05 2.10488204087275e-05 2.07462480371867e-05 2.00323323964722e-05 1.92112355103035e-05 1.89910174277108e-05 1.99666104665227e-05 2.11922735873258e-05 2.19956778408561e-05 2.28425715114265e-05 2.2974716188781e-05 2.26790110719656e-05 2.25206507563908e-05 2.2294749449279e-05 2.19698227375943e-05 2.14604600099085e-05 2.04053307965691e-05 1.94372729561524e-05 1.92667115411705e-05
14 NA 0.000287748667048084 0.000132407705761012 8.35017006099969e-05 6.56267496835151e-05 4.16936597277333e-05 2.36950090699874e-05 1.74268249169128e-05 1.79647312728856e-05 1.69874360010514e-05 1.50461175235677e-05 1.63337241500211e-05 1.46857425272953e-05 1.55239281670226e-05 1.43763807213975e-05 1.20274229943375e-05 1.18657160385487e-05 8.93073256560659e-06 6.55640713881499e-06 5.78749214702339e-06 5.06270273376818e-06 5.18330142874637e-06 6.55219411928205e-06 7.714805651281e-06 1.03888551258804e-05 1.08004836452643e-05 1.14017608635175e-05 1.03079193197949e-05 8.28930846570045e-06 6.63059351463543e-06 6.21514613892597e-06 5.52496169444368e-06 5.03302945809444e-06 6.47387454584903e-06 7.42607353520033e-06 6.20492032242387e-06 5.99964650644186e-06 6.32876805317115e-06 6.0495263173288e-06 7.32427567648633e-06 9.31855411965572e-06 1.05119672113197e-05 1.088970877821e-05 9.93907832937813e-06 9.29259757432792e-06 7.46678657344566e-06 6.60486668704524e-06 5.85824541502967e-06 5.22233593212713e-06 4.78356753012648e-06 5.05286581761656e-06
10 NA 0.000249165346854387 0.000103476995539198 4.95957682221282e-05 3.5212956456797e-05 2.1937292378034e-05 1.2894966385927e-05 1.11796538803695e-05 9.51289296735091e-06 6.14717763631696e-06 5.02378838746825e-06 7.27121826284961e-06 7.37066653794234e-06 5.26990977034946e-06 3.29385610283581e-06 2.67602522791083e-06 2.43794722136215e-06 2.0979077632972e-06 1.74212204551371e-06 1.36308849359919e-06 1.39594691273274e-06 1.3033993166347e-06 1.00430631092965e-06 8.7403813188019e-07 9.08518511933984e-07 8.66362498259063e-07 9.63908892865163e-07 7.92913712273918e-07 5.17681447244415e-07 3.97747377353952e-07 4.18076459398225e-07 5.08269014086834e-07 5.90013473695823e-07 4.63711659103354e-07 3.71950657344327e-07 3.41242838732304e-07 2.80835811327069e-07 2.49802856427545e-07 2.14234886940762e-07 2.31348691123525e-07 2.38109595534911e-07 2.77327094927346e-07 3.03984964174493e-07 2.76642244100979e-07 1.91013396724178e-07 1.68145357406474e-07 1.56955532621993e-07 1.66345728384942e-07 1.73715161069373e-07 1.90358150131889e-07 1.73714531660835e-07
26 NA 0.000157123708893278 5.50365355256168e-05 2.76388898867234e-05 1.80885670416942e-05 1.10888119946698e-05 8.39240476394152e-06 8.05969950037432e-06 6.68023469348209e-06 4.12519636310377e-06 3.12268205395253e-06 2.61893334271523e-06 2.56606203939599e-06 1.61369465684159e-06 1.08323008677522e-06 1.03764633288757e-06 1.07637721956717e-06 9.67151234685798e-07 7.7642220424501e-07 5.43935203373508e-07 4.55615306940736e-07 3.34607887234679e-07 3.26066219994343e-07 2.56903192212496e-07 2.15753726451524e-07 1.91509367270584e-07 1.43487139935962e-07 1.42652526522064e-07 1.22110917250016e-07 1.28679016368207e-07 8.99400941763818e-08 9.55363148428e-08 8.6625522480915e-08 7.57360320008913e-08 6.4658807856263e-08 6.73819379971237e-08 4.79150013029758e-08 3.47271952602046e-08 3.02502922035025e-08 2.55250495415971e-08 3.17550175016616e-08 3.87096934117169e-08 4.66102667241371e-08 4.64189843992802e-08 3.67699525699248e-08 2.47596203673479e-08 1.81118272947994e-08 2.72712446171016e-08 2.83235260364446e-08 2.05126692701222e-08 1.25312043833366e-08
1 NA 0.000281835090971193 0.000158540101182142 9.23296431622332e-05 7.29424791373703e-05 6.46594074699703e-05 4.64784939578859e-05 3.39399272949707e-05 3.07764888501183e-05 2.99076797659408e-05 3.18192050637887e-05 3.63462526198234e-05 5.15405803377705e-05 6.40099272667547e-05 6.68301185438849e-05 6.66079292226277e-05 6.79851498534249e-05 6.9997585034911e-05 7.30793080094922e-05 7.5592688481073e-05 6.98583913934292e-05 6.11005545534977e-05 5.85630969618832e-05 6.06703107094126e-05 6.20075645725819e-05 6.04160439825707e-05 5.9038196364609e-05 5.80364845636012e-05 5.76377537231115e-05 5.82415834722974e-05 6.05311518097978e-05 6.23369068713022e-05 6.58858261842803e-05 7.29365195652421e-05 8.01778509257729e-05 7.6065365543226e-05 6.45417557732335e-05 5.50367318592988e-05 5.00348987570493e-05 5.03087504547753e-05 5.26016670177062e-05 5.42209179290198e-05 6.05041649944549e-05 6.95697853997819e-05 7.36645821935632e-05 7.41153812808861e-05 7.32608217027908e-05 7.38396077249398e-05 7.65922433082352e-05 8.17587952235293e-05 8.02679302542091e-05
30 NA 0.000141352987393357 7.97789104970967e-05 4.84535696446258e-05 2.40985735395129e-05 1.55163358580287e-05 1.4502188597846e-05 9.67967338287409e-06 7.84685345160645e-06 6.3698639996178e-06 5.62252032506308e-06 3.11119973080749e-06 2.38497266748585e-06 2.39661938620688e-06 2.10968711465721e-06 1.83104222076163e-06 1.65857903693232e-06 1.51715693754663e-06 1.37073186660057e-06 1.77343587439551e-06 2.04503655088888e-06 2.02280952705749e-06 1.71350008342322e-06 1.55715377408902e-06 1.49430219424124e-06 1.26510819297039e-06 8.90344428439556e-07 5.51192296170833e-07 3.35754308457729e-07 2.38649257122757e-07 3.4494649025602e-07 3.96319582301012e-07 4.24931590298559e-07 5.0179650895933e-07 4.37802121395422e-07 3.57170708986539e-07 2.90309886883879e-07 3.0426688391022e-07 2.74518370790607e-07 1.79502040171147e-07 1.60917648506893e-07 1.3314517204068e-07 1.37570483058151e-07 1.55812967000215e-07 9.42532103775156e-08 1.5375721296453e-07 2.35209924674405e-07 1.59291287535311e-07 1.65040532258649e-07 1.966655638071e-07 1.51237401133517e-07
31 NA 0.000295075694875081 0.000138330298241674 7.81003608773564e-05 4.23866502979704e-05 3.29102683639143e-05 3.25435889848015e-05 2.51127267293198e-05 2.19013370345983e-05 2.24848183752247e-05 2.2562121815809e-05 2.13005468876571e-05 1.96065668418466e-05 1.67716690986113e-05 1.23992254127879e-05 8.30778437993123e-06 7.262557782315e-06 8.76517435469212e-06 8.65519901545659e-06 8.94144772410991e-06 1.01643526196901e-05 1.20293796960316e-05 1.30685842035094e-05 1.40199438336173e-05 1.59583512957409e-05 1.80118944137185e-05 2.13190995690434e-05 2.6056367211839e-05 3.19930606695662e-05 4.01336573341606e-05 4.58783105060346e-05 5.10621610733102e-05 5.60849182729041e-05 5.77776438070089e-05 5.48589449203789e-05 5.09701099996479e-05 4.71390116641099e-05 4.26299864579164e-05 3.84785050588147e-05 3.29079307436527e-05 3.1005691928184e-05 3.40338208109194e-05 4.03723542880115e-05 4.75316047549656e-05 5.65441406342596e-05 6.87295115107904e-05 8.26154712621777e-05 9.10789931937781e-05 8.94508588711506e-05 7.89802601848127e-05 6.16035492228224e-05
19 NA 0.000266034960764383 0.000101843665866092 4.71118449625753e-05 4.42209455133813e-05 3.81910795647314e-05 3.4593822573284e-05 2.00475833394225e-05 2.05948659292281e-05 1.67095928981698e-05 1.70738839663805e-05 1.42251611718545e-05 1.38717197090029e-05 1.16465668897894e-05 1.30820218080429e-05 1.30932297905018e-05 1.24092740106008e-05 1.40912006803956e-05 1.57157686442083e-05 1.47609438462564e-05 1.01094871532442e-05 9.40016514032768e-06 7.75533276872541e-06 9.5579907192245e-06 1.01941401668674e-05 8.95125172557949e-06 1.11106270630957e-05 1.29652183061229e-05 1.25642866944084e-05 1.1408846431208e-05 9.08294173505197e-06 7.57493754309035e-06 6.52708205993998e-06 8.19186739606306e-06 9.01318230279611e-06 9.92165760589975e-06 1.04717963258368e-05 7.13827856765433e-06 7.32525520493874e-06 8.44322055923345e-06 7.81590790763864e-06 8.07214877973988e-06 7.33334805497721e-06 5.17001103316507e-06 7.00116143540285e-06 6.57596365128523e-06 6.1500376003209e-06 7.63126716321453e-06 7.67351353448776e-06 9.93549503118846e-06 1.09206704049976e-05
28 NA 0.000364959437522683 0.00019754010283813 0.000124683248168903 9.19162462921858e-05 6.8513450309432e-05 5.12295861564803e-05 3.87389143601143e-05 4.19156619962404e-05 3.65624429667203e-05 4.72998516124321e-05 3.95441105424624e-05 4.14697163166805e-05 3.68623681728704e-05 3.57344355476567e-05 3.54527714383487e-05 4.38946267990565e-05 4.21605644204971e-05 3.70924862346915e-05 3.62059259916905e-05 3.36900264239687e-05 3.35378779038653e-05 3.63561347414985e-05 3.05515667062994e-05 2.44481274685558e-05 2.68565270990143e-05 4.1290536305476e-05 4.15752841548645e-05 5.40520782175491e-05 4.83612933831005e-05 4.90551306895513e-05 5.12791527575486e-05 4.96881283092719e-05 4.0803597468639e-05 4.31081965466006e-05 3.92820258432973e-05 4.37794808848422e-05 3.38829506757448e-05 3.37324548480848e-05 3.93259491728885e-05 3.60064288986575e-05 3.78361455444289e-05 4.12573867734597e-05 3.50370821081501e-05 5.72027125058004e-05 5.93950456124343e-05 5.53662011880564e-05 5.4113875583651e-05 4.05646653299191e-05 3.89489478419977e-05 3.37775324751388e-05
23 NA 0.000249029531887748 0.000114706952955997 6.32833299919458e-05 3.4019965728567e-05 2.14433227171707e-05 1.81156474654302e-05 1.33869418731093e-05 1.14619907972273e-05 1.19488314907776e-05 1.10954583200132e-05 6.7533990091291e-06 6.06737833379219e-06 6.31727958896529e-06 5.25793585731482e-06 5.80843515481558e-06 4.98433943191803e-06 4.70740861472919e-06 3.91600265901507e-06 3.13967086262608e-06 2.54760843350475e-06 4.31242645923271e-06 4.44851067598292e-06 4.80174431496289e-06 6.02983331205167e-06 7.99916500091333e-06 8.49297680601648e-06 7.63192253127147e-06 5.90112950172477e-06 3.87304164885121e-06 2.02413161196845e-06 1.32677990083062e-06 1.35128353888182e-06 1.69228705727186e-06 2.20556843878125e-06 2.3445867458909e-06 2.26826959505012e-06 2.57362717785858e-06 2.46686549676195e-06 2.23297781068956e-06 2.10350390738122e-06 2.18855183798823e-06 2.02447306625454e-06 1.78140564277415e-06 1.60006849216963e-06 1.8042851988277e-06 1.65653023126345e-06 1.69720376199854e-06 1.43225202808327e-06 1.56271317461933e-06 1.63338026733215e-06
22 NA 0.000268117193364444 0.000119546013047255 8.61287918401497e-05 6.33946525364142e-05 5.74373671705446e-05 4.60574266428487e-05 3.69996192322949e-05 2.67889131407198e-05 1.93623528958537e-05 1.35275206475575e-05 1.19537063071955e-05 1.30772957627167e-05 1.12835928038355e-05 1.35153251631417e-05 1.37204224976617e-05 1.16631533252811e-05 9.46089172210658e-06 7.71823601864507e-06 9.8452516288787e-06 1.12779466701094e-05 1.11047429179772e-05 9.62099551555003e-06 1.40175742388637e-05 1.75435020640454e-05 1.49056792990417e-05 1.53234845055082e-05 1.70035092423049e-05 2.05825794186919e-05 2.12730089459273e-05 2.01863093050381e-05 1.57781378474209e-05 1.46435442677999e-05 1.21687394493573e-05 9.78409161181695e-06 9.09783144188569e-06 1.1605956301386e-05 1.03631677311534e-05 1.00637934896128e-05 8.35428087457841e-06 9.35895399718016e-06 8.92015384885715e-06 6.71334996482167e-06 8.11044126459769e-06 8.03797596821204e-06 7.02269132326872e-06 7.42737816920791e-06 6.90968034805658e-06 7.22997085373203e-06 7.4694181065421e-06 9.59479450938549e-06
36 NA 8.67548464576917e-05 3.99600280033466e-05 1.74076568141309e-05 9.22405170165491e-06 6.42677618444953e-06 3.84124364558159e-06 1.76541307631102e-06 9.92688599831194e-07 4.97724226216511e-07 2.56048586460324e-07 1.13856587943016e-07 4.72212745712299e-08 4.14488194585638e-08 3.6101115941134e-08 2.12128632940894e-08 1.65924942606468e-08 1.00873583838969e-08 9.8840216714279e-09
37 NA 9.61173893580168e-05 2.70041581487022e-05 1.25535575369785e-05 6.18402199539776e-06 2.68198079069847e-06 1.85097847210601e-06 1.25280972059801e-06 6.29192794175428e-07 4.73906526274124e-07 3.56870886974801e-07 2.15193891685272e-07 1.02294083332268e-07 9.95053885770726e-08 6.4023635466575e-08 4.379054830211e-08 3.88960922783412e-08 1.61700189850371e-08 1.19870911224687e-08 1.03906101223704e-08 7.00712847632335e-09
45 NA 6.25029638158494e-05 1.76864627334107e-05 7.73191965039751e-06 2.40574525997184e-06 1.02753093847256e-06 3.7098522599088e-07 1.59029614263685e-07 7.13595365091914e-08 5.31313155796049e-08 2.30490267706467e-08 1.51242858063273e-08 5.87136649243288e-09
41 NA 0.000107993208172845 2.51024757682282e-05 9.52411887325167e-06 4.08633837782183e-06 1.82655773837449e-06 8.01816598368122e-07 3.88822940928582e-07 2.37770838092351e-07 1.34015663524995e-07 9.00103332655924e-08 4.72659461707249e-08 2.07511591125176e-08 1.41430694709647e-08 9.46116172382983e-09
47 NA 0.000102160303415234 3.89654311054785e-05 2.26810077523174e-05 1.55521319849885e-05 8.29350272073102e-06 4.4278327637978e-06 2.36662714291879e-06 1.30269089372263e-06 9.11514305445711e-07 6.96838476733006e-07 4.87014396714226e-07 3.17841484323121e-07 2.17768432753341e-07 1.73902455798077e-07 1.48790747462215e-07 7.21318277388593e-08 6.79955002418989e-08 4.88933094027924e-08 2.96741282437567e-08 1.74789903616406e-08 7.7865506856285e-09
42 NA 7.53716256968757e-05 2.6269092483012e-05 6.93312615954621e-06 2.35519743610725e-06 1.02377284027397e-06 3.4033317152879e-07 1.22499034696634e-07 4.57129125480786e-08 1.71043601964288e-08 7.01827364789643e-09
38 NA 0.000181380901608109 9.14778771087767e-05 5.64043029210186e-05 3.11220804937759e-05 2.48272118764269e-05 1.75304459872194e-05 1.60371843259383e-05 1.28763645066362e-05 1.03974623595652e-05 8.06867609228124e-06 9.12660435067409e-06 7.28411670881988e-06 6.42937421202649e-06 6.32766325896871e-06 5.2020637854195e-06 3.92895754055008e-06 4.31361820489481e-06 4.54376619221216e-06 4.244235491304e-06 3.85550256105498e-06 3.6426619010727e-06 3.13426358041235e-06 2.74641720657256e-06 2.43165239836724e-06 1.65404501418581e-06 2.66139841370077e-06 2.97234275541358e-06 2.84917047695548e-06 2.48572286025016e-06 2.73614646615939e-06 2.21833530479177e-06 1.9389227674843e-06 2.3199200975502e-06 2.02666164632904e-06 1.43868296395171e-06 1.9469272855286e-06 2.35669077789054e-06 2.25976401281498e-06 2.36275768653053e-06 1.87027992332646e-06 1.54077808767588e-06 1.95127496841667e-06 1.44150597997313e-06 1.28192589756905e-06 1.62310233662563e-06 2.12572634441785e-06 2.46307486000567e-06 1.78122270275507e-06 1.32262063588252e-06 9.85871734990985e-07
39 NA 0.000279324246201826 0.000135636222685076 7.74241418692216e-05 5.15295473674477e-05 3.60361288808385e-05 2.88178831806665e-05 2.94753407327959e-05 3.89445955073587e-05 3.89319440265459e-05 2.9743303907548e-05 2.41303713054058e-05 2.18868974713819e-05 1.53561625993073e-05 1.26279254094352e-05 1.12996369495055e-05 1.42748113054366e-05 1.58031220981054e-05 1.2728247294284e-05 9.7054374190048e-06 7.72939655289586e-06 8.49334727754809e-06 9.70398535239456e-06 1.02114747518465e-05 1.14220739528708e-05 1.59667603237604e-05 1.28938909542117e-05 9.8768755564822e-06 7.80419503983451e-06 8.03140279188464e-06 6.44282982244568e-06 7.24225178605756e-06 8.8144014214332e-06 7.62456922361727e-06 8.14730201817895e-06 7.44593695941562e-06 8.05876288975161e-06 7.71029369699198e-06 7.41775985367218e-06 6.93196874039532e-06 5.88063057121843e-06 6.71870177883443e-06 6.52354825432646e-06 7.0847576295539e-06 6.82867408052404e-06 6.59667514148374e-06 6.43044644949582e-06 6.3442265287713e-06 8.83869240457935e-06 1.10998187577383e-05 1.09725346999993e-05
46 NA 0.000135485462904355 5.7496357287809e-05 2.2137900931114e-05 1.18311660249999e-05 5.86971959075199e-06 3.12678218252228e-06 2.13857313396964e-06 1.96541598374557e-06 1.14646594074684e-06 8.57042733189544e-07 5.25695512833721e-07 4.19776423023181e-07 3.46332407499589e-07 2.57831541181632e-07 1.78803600382518e-07 1.13689877952155e-07 9.60271115070966e-08 9.19180406653636e-08 7.13499624980478e-08 5.55299567063357e-08 3.89877455026595e-08 2.8908514339222e-08 2.06891803177764e-08 1.82632416529885e-08 1.1335977965809e-08 1.64341744440589e-08 2.62152780765441e-08 1.89284325762935e-08 1.91242526680952e-08 1.25179897427039e-08 1.50025587366837e-08 1.24613887133048e-08 7.02897525101834e-09
59 NA 9.72386801931763e-05 2.11953156491915e-05 4.03860221104601e-06 1.15865278893255e-06 3.82015326820425e-07 1.04522583716132e-07 2.52003705591585e-08 6.4778740344289e-09
40 NA 0.000191317979756473 0.000100070031712305 5.1585489206671e-05 3.70844578294765e-05 2.79200773745346e-05 2.41114304211605e-05 2.28495289738952e-05 1.98701232753632e-05 1.24058373280421e-05 1.11453118445926e-05 1.15483334671219e-05 9.28409515423085e-06 1.1814517983273e-05 1.62584523156103e-05 1.79651473522888e-05 1.85759085389661e-05 1.47700690724258e-05 1.44578454140486e-05 1.23861906967419e-05 1.11640591661159e-05 8.15915755334846e-06 7.92349454958811e-06 8.45989369802218e-06 7.30102505274116e-06 9.15287574593386e-06 9.10980812951986e-06 9.19333504691693e-06 9.59431569658844e-06 7.33453988689128e-06 5.16809203983198e-06 4.74283919371466e-06 3.84444577284121e-06 5.53799728401191e-06 6.03019922810053e-06 6.49355523826915e-06 6.06852698650503e-06 6.3131786634858e-06 9.43045684409193e-06 1.08057437067178e-05 1.42235485078056e-05 1.68409215748237e-05 1.72460541495627e-05 1.71621148638227e-05 1.49078943480137e-05 9.72286352613457e-06 4.57292072583157e-06 3.31153967539868e-06 3.56052322676434e-06 5.80390763679734e-06 7.79361136980025e-06
55 NA 0.000186195637184081 5.02697029468034e-05 1.58394814294523e-05 6.52840166025304e-06 3.13444494956248e-06 1.32163158284101e-06 6.48454322963546e-07 3.03006249646945e-07 1.55241778305294e-07 8.07781924175215e-08 4.23441464092464e-08 1.62980841869634e-08 1.23547644517141e-08 5.77378178163298e-09
44 NA 0.000201139752893678 8.37973212521061e-05 5.38884197955225e-05 4.96308786794173e-05 3.41370826251044e-05 2.606947859866e-05 1.8475321167597e-05 1.36556860752474e-05 1.09319001659719e-05 1.00622262676565e-05 9.34522189875009e-06 8.06904867681862e-06 9.48650490709955e-06 9.96899716062539e-06 9.40482746440411e-06 9.27875249411598e-06 1.07090559453302e-05 1.02501410871981e-05 7.96765704232679e-06 6.6468733635909e-06 7.14274437050835e-06 4.68307438109974e-06 3.12327193022385e-06 3.29891241220841e-06 4.6189303114922e-06 5.53582674919792e-06 5.62448398702593e-06 5.19165021003431e-06 4.86888855580321e-06 4.65425415626124e-06 4.17052070167423e-06 3.96028854155745e-06 3.43109647883118e-06 2.53102549456128e-06 1.93095319227656e-06 2.04424928192248e-06 2.20353333963341e-06 2.02895273946138e-06 1.93809774262292e-06 2.24079646831605e-06 1.84096707522245e-06 1.78527063867111e-06 2.08823306062614e-06 2.03484263036996e-06 2.13592923929011e-06 2.01761768644052e-06 1.91126077933422e-06 2.37623818250736e-06 2.70514208898572e-06 2.45566510953714e-06
53 NA 0.0001150097349272 3.29539804361701e-05 1.4166858062988e-05 6.09309206890564e-06 2.9145299752544e-06 1.0545086496638e-06 8.32991504455814e-07 6.67951271087177e-07 5.0139179537429e-07 3.65719459760534e-07 1.57718481245028e-07 7.99066165690429e-08 7.25798787530533e-08 5.32214145369902e-08 3.38327960306169e-08 2.50687431306495e-08 1.51778477774429e-08 7.81437489315155e-09
43 NA 0.000158696884524049 6.08112485093737e-05 3.78358586599786e-05 3.56091573454656e-05 2.97154461092255e-05 1.56123352549593e-05 8.93128279888955e-06 8.04785281086119e-06 7.97261499837668e-06 5.51399728765248e-06 3.77930889075964e-06 4.54065178293337e-06 4.24602693105815e-06 3.89719175884075e-06 3.71896891228944e-06 2.74456400329533e-06 1.9711750053731e-06 1.87122186321845e-06 1.93158880068378e-06 1.62537514872794e-06 1.2352856986276e-06 1.44086788889617e-06 1.25459919508141e-06 1.10575140554476e-06 1.12361933120163e-06 1.00011720717188e-06 7.68411511824332e-07 8.15424453915501e-07 6.8042849665445e-07 6.39506763269158e-07 5.71087660031104e-07 7.56539877298592e-07 7.53409844729754e-07 5.8971153642808e-07 4.72472489378289e-07 4.59004865165809e-07 4.63701972897445e-07 4.54977947304775e-07 5.75350000038896e-07 5.23476980935099e-07 4.49396854578442e-07 4.01790713571443e-07 3.43442431681271e-07 3.52563552048369e-07 3.41540417196292e-07 3.65061129867235e-07 3.12457529573724e-07 3.25654435649547e-07 2.99951743311922e-07 2.11343634837175e-07
48 NA 0.000189859975393416 7.80166924692274e-05 7.15258686189856e-05 6.30717035404122e-05 5.75113265668901e-05 5.21307403757563e-05 4.64527792050922e-05 3.70284912019141e-05 2.85781602679141e-05 2.38323043722336e-05 1.99448734520806e-05 1.80856237135822e-05 1.77157362138373e-05 1.84676446061145e-05 1.90726049290954e-05 1.86718974401787e-05 1.74632624100624e-05 1.48530488773971e-05 1.21453150626896e-05 1.03023409480298e-05 8.30875165252942e-06 6.88588620739796e-06 5.83351780536443e-06 5.17153752804167e-06 4.06259686500912e-06 2.44867438937749e-06 1.27120530483513e-06 5.61522205985271e-07 5.1093095010544e-07 7.547635390143e-07 9.48399882232955e-07 1.1984969311242e-06 1.48165169899441e-06 1.50408939136602e-06 1.53813697177036e-06 1.69218179769261e-06 1.49952316702917e-06 1.34608430764998e-06 1.1988056625817e-06 8.58721279031574e-07 6.18154111216565e-07 5.08539744650416e-07 3.98277539332422e-07 3.3702828278847e-07 3.16699669800832e-07 2.23570739157239e-07 2.4826094522659e-07 2.82990157290576e-07 3.58235246392672e-07 4.18858648808832e-07
61 NA 0.00014529958121621 4.70489393350108e-05 2.39584514835926e-05 1.39435688855107e-05 6.50637567177779e-06 4.13909367676522e-06 3.3641587850625e-06 2.53450900912715e-06 1.5712545647418e-06 8.95417989168133e-07 3.99869953838121e-07 2.42600916015501e-07 1.34814157578747e-07 7.14127702429981e-08 5.20776515151563e-08 4.51601725105114e-08 2.62681533599946e-08 3.3215177646881e-08 2.40396430414422e-08 1.17288482163833e-08 8.05792925516838e-09
49 NA 0.000585049014903593 0.000310479818219389 0.000274841705369365 0.000220340966656926 0.00016911105737997 0.000204742075404586 0.000227505289042812 0.000225524189408619 0.000227912810561178 0.000223790239355335 0.000209480980048428 0.00020325268847567 0.000192985384888648 0.000148460962677107 0.000119852715766762 0.000126464359806405 0.000129085709039796 0.000123570524177246 0.000106824990000107 0.000118728481314977 0.000128474623197163 0.000125038639129929 8.52367858374768e-05 6.75646420036868e-05 9.1565614065936e-05 0.000119765393231151 0.000107239741126374 0.000104378024386946 0.000148087082038759 0.000153469978844665 0.000125904115438485 0.000105668903558584 0.000102441810526587 0.000126996823779041 0.000153482917239242 0.000137109586236326 0.000112353817069072 9.11352004765242e-05 0.000106481725649402 0.000134943279358727 0.000124439245904647 0.000104883373472809 0.000107669135227366 9.65798759463472e-05 0.000110127810385529 0.000127950785108203 0.000149642992472151 0.000160962033800376 0.000182474852112719 0.000144694450164733
54 NA 0.000153052398953907 6.9587765278681e-05 4.10634959174749e-05 2.70993867356935e-05 1.95660872540125e-05 1.16412969671781e-05 5.26012309633081e-06 4.47626187712166e-06 4.51189333277871e-06 2.97739402261777e-06 2.7695880561584e-06 2.40221496167787e-06 2.47347873014306e-06 2.60745139361043e-06 2.59832913494817e-06 2.30063515390596e-06 1.97245692334426e-06 1.58478094176899e-06 1.19389063670949e-06 1.0795613917038e-06 8.39294339326941e-07 5.00875940563475e-07 2.62546267380511e-07 2.11603342976428e-07 1.80511079967573e-07 1.80506556203018e-07 1.5662658433831e-07 1.42109132642457e-07 1.03139915622728e-07 8.40876118236111e-08 6.96719525629452e-08 7.94229446275172e-08 7.95742797063326e-08 7.5176579772666e-08 7.26937055201889e-08 5.31477416979585e-08 3.4619865338284e-08 2.14804709592345e-08 3.58983573928401e-08 5.0979640570172e-08 2.93915086538255e-08 1.89428752881813e-08 3.06636200900441e-08 2.38772420769998e-08 2.80567255384813e-08 3.69782817550148e-08 3.27081811836537e-08 3.77428986435523e-08 2.85555660789211e-08 2.64172274666669e-08
67 NA 0.000102816945976073 4.51708178302464e-05 2.17680651384626e-05 1.1851949381301e-05 7.75848586976474e-06 3.02799584693353e-06 1.53860411478505e-06 8.75217910500412e-07 3.40172409007252e-07 2.25867340150658e-07 1.25562809103571e-07 5.86783833067479e-08 4.62630261767999e-08 4.03764419017007e-08 1.79634907105932e-08 1.42435842282933e-08 7.13874542950516e-09
52 NA 0.000201537729393473 8.98006721021604e-05 4.73757996719318e-05 3.18598444649273e-05 2.83708858513378e-05 1.86081395634552e-05 1.11227499387338e-05 9.98037359666052e-06 1.25352323018958e-05 1.03728175560145e-05 9.88946176689613e-06 8.7873945447761e-06 9.77677365307673e-06 1.08183418287841e-05 1.12470731367095e-05 1.02988922741909e-05 8.34750977748469e-06 6.43414469429265e-06 4.31015374308012e-06 3.09890835512344e-06 1.73871953833527e-06 1.42442763246719e-06 1.45428646692613e-06 1.78749141849966e-06 2.04681895747741e-06 2.46642797266244e-06 3.291250577544e-06 3.05358846317082e-06 2.23773046947391e-06 1.51905017441888e-06 1.10123734929976e-06 9.32004193137143e-07 1.25687318325705e-06 1.38873515092191e-06 1.02757517518898e-06 7.48424741500436e-07 9.53230630208849e-07 8.97458647182071e-07 9.13737445221391e-07 7.09323945128003e-07 5.18275939022267e-07 5.35587879653653e-07 8.89118807584231e-07 5.80692013664838e-07 5.67407620233683e-07 5.22672627369198e-07 6.26151340828243e-07 7.48687765606049e-07 7.33369426881201e-07 5.68192132903009e-07
63 NA 0.000146507258133527 6.44303219053025e-05 3.01347986794613e-05 1.90871683833599e-05 1.49520578305841e-05 1.08438514263816e-05 9.17520104564048e-06 8.61406352032018e-06 7.96321066407698e-06 6.68859605338767e-06 4.81353788728669e-06 3.1263567214815e-06 1.82150934166191e-06 8.96356336898368e-07 4.69864132945782e-07 2.68460686519791e-07 2.07559734724278e-07 2.38816642917008e-07 2.05473853140765e-07 1.73681066494351e-07 1.49903619876228e-07 1.08209477325668e-07 7.54360408242986e-08 5.16452809248625e-08 3.24098767800162e-08 2.01022923721794e-08 1.68197796920017e-08 1.51113895956672e-08 1.97326740317844e-08 1.44859076584533e-08 1.10203609155887e-08 1.24038294544347e-08 8.17685350445584e-09
50 NA 0.00021999186545727 9.22685416941432e-05 5.55916652207763e-05 3.4101536806388e-05 2.38550335701072e-05 1.93907785405484e-05 1.81880732913541e-05 1.63861674525603e-05 1.43829881366412e-05 1.2358797657911e-05 8.21028947860345e-06 5.27574797732372e-06 3.58430125486056e-06 2.25641595607141e-06 1.4857087338237e-06 1.10285798881409e-06 7.75123847589785e-07 5.58752723515774e-07 4.15926810987198e-07 2.86954095701657e-07 2.29679535348179e-07 1.78094685962881e-07 1.42172484266723e-07 1.30743207448951e-07 1.23928469186871e-07 1.09337743382643e-07 9.25824688751544e-08 7.36164795669526e-08 7.15068115220866e-08 6.63005813934971e-08 5.27138993138608e-08 4.60617386441507e-08 5.87742414277832e-08 6.23025493252534e-08 6.00077101382654e-08 4.92219380192531e-08 4.93635459387378e-08 4.20900578772526e-08 3.83937000444287e-08 2.94995358524821e-08 2.71893586374708e-08 3.5278067811741e-08 2.93035581521912e-08 2.94965998184995e-08 2.38177268152124e-08 2.15921788075257e-08 1.95160279105695e-08 2.28476158034969e-08 1.68623964551817e-08 1.51587554220168e-08
51 NA 0.000298721424955167 0.000133787821937039 7.21384536436309e-05 4.47534404825601e-05 3.09505110536844e-05 2.12646644438233e-05 1.61695807312057e-05 1.32559212410979e-05 1.04058994414504e-05 7.10319829347674e-06 4.76868802049399e-06 3.44001806800836e-06 2.23892891816973e-06 1.51799704476709e-06 1.10841798503615e-06 7.99121235818408e-07 5.59629847585541e-07 4.03293749730899e-07 3.72251638045262e-07 2.87255688272128e-07 2.80602449055664e-07 2.75758703299857e-07 2.5465109060828e-07 2.74265310096125e-07 2.91924073025435e-07 3.2314786442979e-07 3.5322273001195e-07 3.81804944891798e-07 4.39387606294296e-07 5.16359130220739e-07 6.26957224074946e-07 7.47368154556658e-07 8.85496390441844e-07 1.05369431066731e-06 1.190810178244e-06 1.29954113630739e-06 1.41689789510743e-06 1.53285863946589e-06 1.62825293588599e-06 1.71919683953081e-06 1.77074724333321e-06 1.79374105131485e-06 1.81840081725916e-06 1.82156812388577e-06 1.81125391436639e-06 1.7867843562092e-06 1.73474508874752e-06 1.66935777192906e-06 1.59918398284955e-06 1.53887402597752e-06
66 NA 0.000138355936289475 6.17598649296043e-05 2.32705763891382e-05 7.60997239424918e-06 3.28429510396403e-06 3.2624857184073e-06 1.789401898555e-06 1.1057458917086e-06 8.04326276351625e-07 5.1289165600198e-07 2.19006986167013e-07 1.47360678266034e-07 9.53372359831639e-08 6.75987560369993e-08 5.58194611030178e-08 6.95410411703279e-08 4.98528525086536e-08 2.90658039413344e-08 1.65603382511269e-08 1.3373457439084e-08 1.70151174502467e-08 1.62970991211434e-08 2.06173750762825e-08 1.09998183240085e-08 4.88717575305512e-09
65 NA 0.00013320636131101 4.60092764776643e-05 2.47988351783705e-05 1.53874525866969e-05 1.22467355814827e-05 8.25047737952149e-06 5.50176223449426e-06 2.93183429532734e-06 1.26473921942392e-06 1.38536803358021e-06 1.2460685271983e-06 1.11032771256761e-06 9.99704372592082e-07 8.57738149845959e-07 6.29113237389944e-07 4.15635468316789e-07 2.58815482873245e-07 1.61754130858162e-07 2.09807846072203e-07 2.54148702253049e-07 3.01481005035593e-07 2.72093018280483e-07 1.95127044371908e-07 1.42227494021182e-07 1.11062058816795e-07 1.09358275456829e-07 1.3724450031846e-07 1.56720217929682e-07 1.9330725825083e-07 2.15575510805045e-07 2.55356353424498e-07 3.28497243182458e-07 3.67969679310107e-07 3.5258409269347e-07 3.12129864748313e-07 2.63860080634053e-07 2.15347222708615e-07 1.55964167287573e-07 1.0116177487747e-07 5.2175830097989e-08 3.72076500342694e-08 3.8506671176794e-08 3.3061515430954e-08 4.33055226749174e-08 3.77220691929368e-08 2.88799434184226e-08 2.56614021352276e-08 2.29094702748277e-08 1.9013958984135e-08 1.19600131510184e-08
62 NA 0.000259396773583915 0.000110936541982735 5.64028950583666e-05 3.86565537074886e-05 3.84648347398401e-05 2.57176304230954e-05 2.42768209363913e-05 1.69734283633195e-05 1.45894594007881e-05 1.24332210346519e-05 1.1697158424718e-05 9.61596812218086e-06 9.82832216155196e-06 1.0698254733021e-05 9.05557658318124e-06 6.45338658691206e-06 6.9220767496468e-06 8.64481109558662e-06 8.92492253866297e-06 5.48955278940832e-06 4.6329751700381e-06 6.70862443707876e-06 6.91151343756312e-06 5.8110489801534e-06 4.9863726005023e-06 4.61101572382353e-06 5.27641964687969e-06 6.26374326988589e-06 4.22634663571635e-06 4.13992981264363e-06 5.99381301698985e-06 5.45509207823382e-06 4.18848540606478e-06 3.3437780631407e-06 3.44635239010298e-06 4.22480775161751e-06 3.62723170452666e-06 3.58638604091611e-06 3.55030649019813e-06 3.49809563987457e-06 2.99658686749537e-06 3.79599503741107e-06 4.03059088020464e-06 4.22907454775143e-06 3.74728730194304e-06 3.12956349948903e-06 3.1784358707116e-06 3.28635195223117e-06 3.65995047907909e-06 3.05332055373455e-06
57 NA 0.000587122777942648 0.000312798985688398 0.000203255845309344 0.000155578962818574 0.000102188770649643 8.01626846125633e-05 6.84946403451008e-05 5.63619619367323e-05 4.01513833403727e-05 3.55552854706193e-05 3.44380635972989e-05 3.12485124439527e-05 2.58372620819681e-05 2.01486999891703e-05 1.6766839154584e-05 1.65573423054926e-05 1.42624438180836e-05 1.23795166095916e-05 1.0102974131976e-05 7.89136097273818e-06 7.49836071676237e-06 7.97254153804784e-06 6.48022304918245e-06 5.64096468420553e-06 4.87644813083945e-06 5.84909844698501e-06 4.40390427820474e-06 4.54101026767763e-06 3.79277477824974e-06 3.2474150514081e-06 2.69017464370591e-06 3.08884084907874e-06 3.29635199890814e-06 3.1425915000141e-06 2.73889197748924e-06 2.50386784538529e-06 2.2555491187514e-06 2.24715580172968e-06 1.79874737810744e-06 1.6442515766003e-06 1.85754588691896e-06 1.62253893747525e-06 1.49102065891054e-06 1.49600196978203e-06 1.39535694907235e-06 1.44728458134741e-06 1.32873053967711e-06 1.30309580556048e-06 1.38320691954352e-06 1.48470733048445e-06
56 NA 0.000249054153772836 0.000109232536924311 8.74194929080127e-05 6.07883615061525e-05 4.63713406585329e-05 3.60708613106484e-05 3.36857841947026e-05 2.6583893048874e-05 1.87267664572908e-05 1.40578555031905e-05 1.48398503424685e-05 1.54055494597228e-05 1.12217902582972e-05 1.00634534085391e-05 9.55930067390956e-06 1.0340568165258e-05 1.03243289364871e-05 7.41873962909923e-06 8.8620081914527e-06 7.49124459593337e-06 8.23840922515741e-06 7.42842663589761e-06 6.76596042763226e-06 8.01606858175919e-06 8.65442210001372e-06 8.53399662077783e-06 8.42895270367479e-06 8.78450141968218e-06 8.16637292098529e-06 8.69294878089465e-06 5.54779178127983e-06 5.22367997445539e-06 6.7638321006044e-06 8.56963283359916e-06 8.60840092205577e-06 7.95220195669225e-06 7.02497130768859e-06 6.73849354968193e-06 6.0609349873549e-06 6.56880784936456e-06 7.3338319178639e-06 6.99314243369395e-06 7.41204014193526e-06 6.76434856285503e-06 6.62180388183967e-06 6.90059370248285e-06 6.01518167247193e-06 6.01722719190116e-06 6.64362948300419e-06 5.59596160358678e-06
60 NA 0.000191663223957857 7.49830118649934e-05 5.47401864817382e-05 3.68348698744128e-05 2.17780257638326e-05 1.14742442974338e-05 6.31713531112513e-06 5.68246922555795e-06 6.34709754512724e-06 6.40056994229609e-06 4.29349481373651e-06 2.66362642855366e-06 1.72204398832368e-06 1.5272278235987e-06 1.13127169132512e-06 1.18916615850825e-06 1.37962622707488e-06 1.27304095153218e-06 1.08928257649056e-06 8.99764588288503e-07 6.22210422441541e-07 4.25518405229617e-07 2.64273791323207e-07 2.96312366003118e-07 2.14219704596784e-07 1.39122127735922e-07 1.37184974711434e-07 1.79051199243141e-07 1.86030232263129e-07 1.6859312443007e-07 1.90806377120967e-07 1.76168608687192e-07 1.33531851950773e-07 1.21008856434585e-07 1.06582380860104e-07 9.73785333460954e-08 7.19428821715109e-08 7.8732342813516e-08 7.82631583172754e-08 1.07792269641145e-07 1.22085887958117e-07 1.1896873956972e-07 9.47802494578613e-08 7.19086176773307e-08 6.16321815769402e-08 6.08982400703743e-08 5.56526091623769e-08 5.1958835914528e-08 4.04496298465361e-08 3.35846845017449e-08
58 NA 0.000253760231380261 0.0001269891118494 8.37932987407255e-05 6.12273504474254e-05 6.23807196420617e-05 6.07719439432762e-05 4.81138428537492e-05 4.21371026061859e-05 4.07433363656545e-05 3.29419894225809e-05 2.49783254382699e-05 2.48470090964177e-05 3.10462071325001e-05 2.83207207345354e-05 2.65849089641094e-05 3.22854527780156e-05 2.90951183240614e-05 2.52010413270887e-05 3.560574959059e-05 3.22290528743473e-05 3.09656876053728e-05 3.20210287327834e-05 2.32179197632933e-05 2.721051397923e-05 2.53697059777791e-05 1.79069897338305e-05 2.50270707404283e-05 2.9096228618738e-05 2.70446599935809e-05 2.78995357507514e-05 2.29246494432927e-05 1.93117014769864e-05 3.07344739535651e-05 2.57079048777133e-05 2.35386406964292e-05 3.04141323740021e-05 2.35669414593487e-05 1.95425929026471e-05 2.53526838921213e-05 2.0423724150569e-05 2.34115336707703e-05 2.74690502522572e-05 2.40143757049698e-05 2.46972398192179e-05 2.21133046097192e-05 1.83620493011501e-05 2.2243793296275e-05 2.94074606592803e-05 2.75709547866815e-05 2.52075952857425e-05
64 NA 0.000292972433189967 0.000163794946569223 0.000136209274113306 0.000134849886555581 0.000154125901408227 0.000148268513745319 0.000123102521087623 0.000117911427669628 0.000105032771315877 8.66087806265808e-05 6.56950617128532e-05 4.84732631662081e-05 5.34575137104159e-05 6.95111599352809e-05 7.48856911593348e-05 6.67636122095978e-05 5.01525379616574e-05 5.32555154371822e-05 6.22070336866782e-05 6.41761994866727e-05 4.94804517013188e-05 4.33462915388533e-05 4.61652318883608e-05 6.01846810766504e-05 5.36104298631621e-05 5.50859387307194e-05 5.5102980704895e-05 6.88786844746645e-05 7.43189372717649e-05 6.74821166819319e-05 5.96555781225826e-05 5.04034252730763e-05 5.92664953202659e-05 5.65444146372515e-05 5.18449337704504e-05 5.4539772378818e-05 5.19607795335611e-05 3.75862471372409e-05 4.20178423907729e-05 4.93308647411225e-05 6.19643868250969e-05 6.63223535835086e-05 7.18694003640105e-05 6.42078381027071e-05 6.07637971216926e-05 5.00647262308019e-05 4.69081391084308e-05 4.9596206549851e-05 4.27652935642907e-05 3.29121055745851e-05
69 NA 0.000149647443010783 5.80278928631605e-05 3.44098203252238e-05 1.84199335390178e-05 1.35318437117587e-05 8.52954639038947e-06 5.18772945523788e-06 2.41341175630008e-06 1.71100951830904e-06 1.35856906293393e-06 1.50408443331173e-06 1.23575029373836e-06 6.83321756796879e-07 3.84055979562949e-07 3.28785643988043e-07 3.73738239638078e-07 3.20036008847119e-07 2.36247599640682e-07 1.30689609640378e-07 1.64787633678288e-07 1.51527498908573e-07 1.4452208638001e-07 8.64770091082348e-08 5.8974469623847e-08 6.84917082535312e-08 9.08304552384293e-08 1.41371623691527e-07 1.67763724442725e-07 1.66274244219039e-07 1.07094178992398e-07 6.18569681366579e-08 5.96463041386121e-08 2.92080734236658e-08 3.11224589762587e-08 1.07069136450373e-07 1.79311311518465e-07 2.51701538763594e-07 3.27362826986946e-07 2.39680173537882e-07 1.11538243729786e-07 4.53884989788512e-08 3.1332137274762e-08 1.1994421242314e-07 2.52244058263345e-07 3.44728488281731e-07 3.91223210950945e-07 3.12931716161933e-07 1.44417572958634e-07 3.78990737295e-08 6.94749578529793e-08
68 NA 0.000195926440930755 0.000101654996081651 4.21607817415216e-05 4.10279476388206e-05 4.09411676622588e-05 3.3661144309667e-05 2.21255518236271e-05 1.54723586334792e-05 1.07267119813067e-05 1.06154884628499e-05 7.51827097050707e-06 7.50697968775206e-06 8.23141468269318e-06 5.83549233620266e-06 4.53381464732216e-06 4.68929400242413e-06 5.99577592185919e-06 4.98135561694408e-06 5.8598396448757e-06 3.83718568228346e-06 3.27372074809685e-06 3.95665238215683e-06 3.35607649185563e-06 3.96931624678074e-06 3.53210945540965e-06 2.97702898875303e-06 2.18644915512492e-06 2.37278844133281e-06 3.38884287747445e-06 3.26531132504711e-06 2.54210226304525e-06 1.91942460582554e-06 2.31661686740808e-06 2.70255115778351e-06 2.58910574986888e-06 2.75188755478121e-06 2.51045888583205e-06 2.41797872407277e-06 2.39658705243505e-06 1.78040025711529e-06 1.56481233633363e-06 2.00473048861346e-06 2.93897880984713e-06 3.44206507050882e-06 2.55281474163771e-06 1.8410944924734e-06 1.50138977020097e-06 2.05461067296935e-06 2.98829095075908e-06 3.04070962443561e-06
70 NA 0.000251938528923587 0.000140091633837643 8.94349979910099e-05 9.29467806280977e-05 7.18541020911968e-05 4.22828799058277e-05 4.5373163763407e-05 3.88567649376521e-05 3.17912450918768e-05 3.40074383015614e-05 4.18081856104067e-05 3.81622218929692e-05 3.08792487056251e-05 2.34558037175473e-05 2.7138482792366e-05 3.08768834205153e-05 4.3246028478751e-05 4.1365014766507e-05 4.2986421684004e-05 4.53450720254516e-05 4.67441430732351e-05 3.11293980363632e-05 2.95935325663019e-05 2.37165838802413e-05 2.61031286181884e-05 2.31897211746848e-05 2.07124587741296e-05 2.79935502210834e-05 2.62136251314233e-05 2.79708236225733e-05 3.22719898484507e-05 3.12906458187598e-05 2.95605036837702e-05 2.83948765677044e-05 2.78171167869851e-05 2.39383812625748e-05 2.1444709699315e-05 3.22492343104435e-05 3.47733080933942e-05 4.16651461095615e-05 4.73164618410958e-05 4.52882147392432e-05 4.10509899760703e-05 3.22179464224587e-05 1.87759546630804e-05 2.08031111145345e-05 2.39005518785183e-05 2.47541479118842e-05 2.26010747702959e-05 2.08876574460784e-05
71 NA 0.000150424806927726 6.46427302377128e-05 4.26343123681313e-05 3.17135807305381e-05 2.03804929140753e-05 1.15761323600925e-05 9.0055190705792e-06 7.2460058915928e-06 6.21874523242596e-06 5.25308648786237e-06 6.13092628349803e-06 6.10617938554427e-06 5.71136162539284e-06 3.81274921130775e-06 3.67048137502828e-06 4.67805265287596e-06 4.1802843806214e-06 3.5471260543442e-06 2.05474674348034e-06 1.43465908904533e-06 1.94657466182879e-06 2.10365286124948e-06 1.63928269700029e-06 1.36518395697153e-06 1.11934283192147e-06 1.25069250064556e-06 1.85038075254129e-06 1.33571031196125e-06 1.05772428921923e-06 6.10400870505163e-07 7.39127166011665e-07 8.46199731424428e-07 6.9407676410046e-07 6.22901051780278e-07 6.13579424053644e-07 6.34401009130136e-07 7.02384072480249e-07 6.33592235948763e-07 4.88686594743412e-07 4.41188710796895e-07 6.3396338669113e-07 5.73485786520846e-07 4.73008330296674e-07 3.49015975081154e-07 3.70303315848419e-07 5.76974907753239e-07 5.48787085602014e-07 4.24558647378947e-07 3.34549393986136e-07 3.22613530668534e-07
72 NA 5.4060839492065e-05 1.23770216380677e-05 2.45695007674986e-06 5.51646259133997e-07 9.02015896848377e-08 2.91959210831335e-08 1.54725145485694e-08 3.7349664434982e-09
