42 NA 0.000396099393491575 4.3284956612514e-05 8.40900765783695e-06 1.70881293952461e-06 4.52266126810113e-07 1.34619265279859e-07 5.02790704890803e-08
36 NA 0.000587401938871173 7.44844489167213e-05 1.29550525303796e-05 2.48306637098932e-06 6.34974296897801e-07 1.57876982329963e-07 4.00736445324091e-08
72 NA 0.000551244489849415 9.19789697066602e-05 2.01354940507096e-05 5.13756751339963e-06 1.30977033306102e-06 3.60756355692768e-07 8.39411581283285e-08
12 NA 0.000605558025461439 0.000110729938249623 2.5047614823988e-05 5.79967959553975e-06 1.4866959718607e-06 4.74365199387105e-07 1.46491435848996e-07 3.75385588890772e-08
37 NA 0.000615237376202364 7.20810046784424e-05 1.09869488168921e-05 2.32831462267996e-06 6.22922119601871e-07 1.57955775900273e-07 3.44441739291381e-08
67 NA 0.00065346977744686 0.000145010796148039 4.27117149304826e-05 1.5140190321306e-05 5.07432200874216e-06 1.87701644020059e-06 7.84076276222196e-07 2.89931915728369e-07 9.78808357368624e-08
53 NA 0.000672130384753595 9.80900350686994e-05 1.78877646011376e-05 4.3638732959799e-06 1.71982560919537e-06 6.97762639462458e-07 3.1152561244969e-07 1.44500038808108e-07 7.07875126414386e-08
45 NA 0.000572071281343938 6.35987395525925e-05 8.56892249590998e-06 2.75131461418295e-06 1.15613100133159e-06 5.95498582949706e-07 5.04415404175526e-07 3.78933463803078e-07 2.44036810323095e-07 1.12500113035998e-07 1.40808353485336e-07 7.4612922565286e-08
59 NA 0.000425958242957214 0.000193581166877129 0.000105100017791304 7.14524364351016e-05 6.3929001548865e-05 7.28838732374882e-05 9.06507420548883e-05 9.75278646365131e-05 8.26999809117758e-05 6.29302340660614e-05 6.14788768971466e-05 7.37691779257287e-05 8.6701540047578e-05 6.87528852104156e-05 6.19177834531654e-05 5.60777426428632e-05 3.88125947300013e-05 4.73603979586728e-05 4.73981051491326e-05 5.66853038138894e-05 6.67158915125796e-05 6.04597192642808e-05 5.80456006918495e-05 5.11402664250274e-05 4.04718472870782e-05 3.15437138905006e-05 4.24274222073502e-05 3.9511482442406e-05 3.18307715545319e-05 2.88864292502566e-05 3.53212424951336e-05 4.04136837418634e-05 4.0525668641231e-05 4.10384132928465e-05 4.31475374706624e-05 4.13519801115206e-05 5.0356540648755e-05 5.49460532201124e-05 4.56508777482507e-05 4.60054820213348e-05 4.03016724130555e-05 4.58614406282799e-05 5.23264603672864e-05 3.82544692626529e-05 4.02388279411927e-05 4.39768292923268e-05 3.94132264295899e-05 5.06631829551327e-05 6.36288727255275e-05 5.25686382406636e-05
3 NA 0.00043773503024369 0.000131259179895524 4.95269881521955e-05 2.17124847186783e-05 1.13655240665743e-05 7.85506122077915e-06 7.31245122024745e-06 6.05589124210537e-06 4.43950565855421e-06 4.32556685645937e-06 4.22711656440212e-06 4.2369575589593e-06 4.48858504252865e-06 4.65211934814095e-06 3.15305153714824e-06 3.19330186009977e-06 4.68207678236644e-06 3.95121929468426e-06 3.18472963950883e-06 3.21054528625815e-06 3.76136930341275e-06 3.36458570522217e-06 2.97199210885393e-06 3.96778082244327e-06 3.71191332927566e-06 3.24361712455479e-06 4.15087742531848e-06 4.30469112469275e-06 3.78304591789239e-06 3.81268565514778e-06 3.68803899666009e-06 3.48286393623097e-06 4.70008358445816e-06 4.3405697278654e-06 5.22506204634443e-06 4.5221490812557e-06 3.97743254700737e-06 4.12046179025592e-06 3.22619192829441e-06 3.19918231533994e-06 4.07440344187919e-06 4.26841133854234e-06 4.26650716559847e-06 3.51745063505735e-06 3.74704404441521e-06 4.12746970218762e-06 3.58095189353607e-06 3.53116354166058e-06 3.84663375177648e-06 3.00445846931576e-06
