25 8
13 9
7 13
4 11
14 11
2 10
30 11
33 12
22 11
6 14
10 13
5 13
15 15
34 11
23 11
9 14
31 12
17 15
27 13
32 13
19 15
24 14
8 16
28 16
3 14
26 18
35 21
1 23
12 25
16 26
11 42
18 24
21 51
29 51
20 51
38 11
36 12
42 11
43 11
46 13
53 12
39 16
57 11
45 16
52 13
37 21
44 16
40 22
51 16
56 13
55 16
50 19
60 16
63 11
64 11
65 12
41 28
62 15
48 29
54 35
61 24
49 51
59 51
58 35
47 51
70 12
69 14
68 16
66 40
67 45
72 11
74 10
73 11
71 12
78 10
76 9
85 9
86 11
82 11
79 11
87 10
83 10
84 10
81 12
89 10
80 21
88 18
92 11
91 13
90 17
95 13
96 12
97 13
75 38
94 18
98 11
93 27
77 38
99 12
100 15
