25 NA 0.000657370779288562 8.5934847043833e-05 1.48688444546219e-05 3.5051242697509e-06 9.32325812147086e-07 3.12757646703067e-07 9.39387991986048e-08
13 NA 0.000679609833266649 0.000116757646612333 2.67800016533262e-05 8.09422942299347e-06 2.864216126841e-06 9.80548169724041e-07 3.25802015248247e-07 9.03824264005336e-08
7 NA 0.000696713826227289 0.000141666603488658 3.53084430731307e-05 1.24291216949397e-05 5.40274897817014e-06 2.50373540684947e-06 1.22881046083435e-06 6.80625772675539e-07 3.66392020094231e-07 2.02436089653364e-07 1.2361162255715e-07 7.61512816735165e-08
4 NA 0.000776125312286077 0.000166050687119321 3.70388564048991e-05 1.19056120397846e-05 4.37508385414873e-06 1.74513241961331e-06 6.35363203180978e-07 2.52728560574076e-07 1.05741172334563e-07 7.17269767642286e-08
14 NA 0.000757162330492785 0.000155444181496172 3.77923390669719e-05 1.2170744928257e-05 4.17623487619082e-06 1.4111662606859e-06 6.59880827297988e-07 3.2050444624182e-07 1.33777017522689e-07 5.81265533924541e-08
2 NA 0.000738911860813011 0.000136673369102082 3.20625276160797e-05 9.65534488093962e-06 3.57561433487132e-06 1.4000768700154e-06 4.85393214653086e-07 1.59306970589973e-07 5.69621046210939e-08
30 NA 0.000763095207298865 0.000152590520904171 3.1655308268065e-05 1.00186380745952e-05 3.80761763619796e-06 1.60740193516448e-06 7.29452132035931e-07 2.92794058169032e-07 1.21567680025393e-07 6.76390485085882e-08
33 NA 0.000792607509240133 0.000167202458272325 4.43140100980656e-05 1.66690853863917e-05 7.16890236691666e-06 2.99223744756584e-06 1.34935819584045e-06 6.78754759494368e-07 2.96457715243814e-07 1.20905809754189e-07 3.9687776869073e-08
22 NA 0.000791335774877803 0.000159844759455909 3.61827940153474e-05 1.07089792433308e-05 3.70582371062275e-06 1.7630108966715e-06 8.02292949925611e-07 3.46788996089839e-07 1.10246242024648e-07 5.44890527388585e-08
6 NA 0.000864012605472322 0.000207673365356465 5.41808461841614e-05 2.08507543747127e-05 1.10096937256845e-05 5.99309581149548e-06 3.22923867384702e-06 1.63344780835004e-06 7.13696061988729e-07 3.35752298867442e-07 1.80203081660918e-07 1.21277914191939e-07 7.5091475116449e-08
10 NA 0.000807627576727717 0.000192411545470514 4.64729811928748e-05 1.74049805239811e-05 7.78338247585853e-06 3.51169648351222e-06 1.83116504387563e-06 9.32226378653651e-07 4.97645529773795e-07 2.681314099955e-07 1.24777604114477e-07 5.81082923068098e-08
5 NA 0.000841084905115848 0.000203375667784142 4.92470188390255e-05 1.6643110852206e-05 6.31565709414492e-06 3.40285732681511e-06 1.73742855238831e-06 9.18515508329391e-07 4.72531659462939e-07 2.47533543525243e-07 1.16955156870348e-07 5.18084794596159e-08
15 NA 0.000865599461209704 0.000223473790416568 5.9311528929585e-05 2.23881923497458e-05 8.15645919673611e-06 4.29016037144889e-06 2.5260040984793e-06 1.40721373943108e-06 8.54349939013295e-07 5.84592962010746e-07 3.69749648168887e-07 2.17513361635366e-07 1.42487822760747e-07 9.19167089931313e-08
34 NA 0.000773640317277873 0.000157924350113728 3.95886336113018e-05 1.23064480996507e-05 4.76942683875537e-06 2.15634841601276e-06 1.01698862183665e-06 4.84489164198639e-07 1.94247647356535e-07 9.00957095239525e-08
23 NA 0.000832204327190705 0.00019678518429485 5.4780553437123e-05 1.83280256227572e-05 6.23104293192324e-06 2.26381205100648e-06 1.01481376310687e-06 4.50267827891984e-07 2.0280089282392e-07 9.44995420804046e-08
9 NA 0.000829984421774974 0.000226450484048633 6.64488260797195e-05 2.50147348464284e-05 1.0443526089454e-05 3.91049034367806e-06 2.66017293233734e-06 1.13566253602838e-06 6.70735185633778e-07 4.12643564630177e-07 2.29477644033791e-07 1.43752355510714e-07 8.92309117865968e-08
31 NA 0.00083373902364994 0.000187202303418515 4.93134937015557e-05 1.58031037839366e-05 5.2361552196295e-06 2.38493934314666e-06 1.24432681916627e-06 5.40200531006651e-07 2.20324537936499e-07 1.10484969100829e-07 6.14450181697297e-08
17 NA 0.000919419489767805 0.000250614643908288 6.57624407945829e-05 2.55507905011105e-05 1.06063908319479e-05 6.09554574774841e-06 3.43179758874681e-06 1.80926203496072e-06 9.68577026395081e-07 4.70858968651108e-07 2.72875275537583e-07 1.88778701411416e-07 1.17132851671378e-07 6.45202066680723e-08
27 NA 0.000848479873221823 0.000195463304616479 4.89251627821871e-05 1.71242603496176e-05 7.07499257432787e-06 3.46924802801212e-06 1.82851360794824e-06 8.64573871481782e-07 4.28785155164352e-07 2.00786472093798e-07 1.18762469020869e-07 6.82750535613463e-08
32 NA 0.000866954217515658 0.000212294747126449 5.78410493678101e-05 2.36611796547222e-05 9.77001550278605e-06 4.92356857629771e-06 2.04142667332541e-06 1.16497069206847e-06 6.06061813433285e-07 3.0825800564298e-07 1.41938368560904e-07 7.22987909877347e-08
19 NA 0.000880895450118906 0.000245227970821342 6.6637210424639e-05 2.48965898820353e-05 1.28201230038653e-05 6.3844552104653e-06 3.40493511372938e-06 1.93013068378901e-06 1.29499720711634e-06 7.99448317879098e-07 4.46926849722688e-07 2.65630134525073e-07 1.29378768459336e-07 7.3575775489719e-08
24 NA 0.000863209917805346 0.000236729687002444 6.20646810810896e-05 2.20055463670821e-05 1.02851783385343e-05 4.44161011792769e-06 2.51392552653367e-06 1.50121933307689e-06 8.73581011839687e-07 4.97970040857112e-07 2.80274074918572e-07 1.55274539211434e-07 8.86124245076629e-08
8 NA 0.000967895869119504 0.000295990376951392 0.000100443021912917 3.71131207055885e-05 1.41601857564477e-05 7.97021362624298e-06 4.63723743562257e-06 2.82890915521141e-06 1.531321026343e-06 8.92238238897986e-07 4.23044020885324e-07 2.98409634154559e-07 2.45624580174502e-07 1.48008549159493e-07 7.88091831072175e-08
28 NA 0.000913475803420025 0.000239891283261825 6.91882203095134e-05 2.7206227608354e-05 1.43603971155317e-05 8.14304202336829e-06 3.92132230243313e-06 2.51607846951601e-06 1.50942440646373e-06 8.43444438033383e-07 4.78420143372933e-07 2.61788060867531e-07 2.09796208102459e-07 1.66178116481982e-07 8.67602020735388e-08
3 NA 0.000802024709678037 0.000186621257509543 4.81189828321143e-05 1.79165239857207e-05 9.28649938376731e-06 4.79068225731422e-06 2.71782947931698e-06 1.38267199543587e-06 7.05774135308027e-07 3.8241354985575e-07 2.38333120131664e-07 1.42666454335065e-07 8.29492868038329e-08
26 NA 0.000903825480579502 0.000263786342478093 9.32398300428318e-05 4.21147482628233e-05 1.90213569220815e-05 1.17299426329122e-05 7.55828224720498e-06 4.41973670997716e-06 2.33496209656048e-06 1.46482654505568e-06 7.69834098869353e-07 4.10023465814934e-07 2.42717826022863e-07 1.85465682520585e-07 1.86303209024682e-07 1.13607142739456e-07 9.90470765678916e-08
35 NA 0.00100836706514757 0.000343580676856555 0.000111105641891598 4.28342314928487e-05 1.9319074213966e-05 1.29892236858832e-05 8.58700865055757e-06 4.7171457497242e-06 2.9079657154649e-06 2.24031514893179e-06 1.49284258601091e-06 9.10230135216654e-07 5.7875995036248e-07 4.54229937186221e-07 3.71189082951352e-07 2.65688889102061e-07 1.97812571778383e-07 1.62229370384588e-07 1.23836702965513e-07 9.33477510282446e-08
1 NA 0.00106257080814168 0.000392338028322682 0.00014887856102987 5.96056744819083e-05 2.90131583486572e-05 1.86809586419519e-05 1.22567374888716e-05 6.92260781648745e-06 4.74450430494504e-06 3.503043055338e-06 2.66357448812143e-06 1.63272457328166e-06 9.44615233539069e-07 7.36403878093158e-07 5.0984904045236e-07 5.34912858455092e-07 3.42981753274635e-07 2.46504642803456e-07 1.76375588809898e-07 1.3522515157415e-07 1.2417588382097e-07 9.04278185134005e-08
12 NA 0.000996012197150927 0.000365974743642081 0.000137446942609627 6.42294384104403e-05 3.03364566911488e-05 1.74965343553009e-05 1.1968666827694e-05 8.42176551471469e-06 6.01759154802234e-06 4.79286226392135e-06 4.01455679025553e-06 2.79005377896465e-06 1.84365522645548e-06 1.18955327532544e-06 8.00417596908021e-07 6.49040678609941e-07 5.1370148936109e-07 4.35011358632082e-07 3.4009868269721e-07 2.28459122358041e-07 1.77227642055006e-07 1.48680412744944e-07 1.32640620371798e-07 9.63359599280872e-08
16 NA 0.00110856328771399 0.000421859185097553 0.000138899498564546 5.47120595946788e-05 3.07264393380044e-05 1.81941281246628e-05 1.08058480203418e-05 6.76621452704358e-06 4.87760160148851e-06 3.57292631233613e-06 2.87675792141355e-06 2.40914033015308e-06 1.67538671076699e-06 1.37072084212977e-06 9.47035768012661e-07 6.06214868224181e-07 5.14710363947451e-07 4.79163144808464e-07 3.99355074384814e-07 2.79671646337265e-07 2.38993135216671e-07 1.94420860689869e-07 1.55043716847416e-07 1.0866630811204e-07 9.6394845827608e-08
11 NA 0.00116115510364423 0.000515192778293423 0.000205265594015595 0.000102490620963537 5.74654319814623e-05 3.63742579077545e-05 2.43797765241015e-05 1.77606435364461e-05 1.5866556045557e-05 1.23250231941802e-05 9.9682640848784e-06 8.11634304443176e-06 7.17879427626634e-06 6.21350046392899e-06 5.1956201326366e-06 4.55257285895718e-06 4.20095021144006e-06 3.6389859001552e-06 3.03717362471412e-06 2.66663538938712e-06 2.23469049967139e-06 2.02357290930579e-06 1.56021648591786e-06 1.28081654885352e-06 9.89948398406456e-07 9.39113506097183e-07 7.6560895703628e-07 6.08986372420103e-07 4.7536598014138e-07 3.60624741055213e-07 3.77225925279182e-07 2.96673902585668e-07 2.33864081295259e-07 2.14725783944102e-07 2.35904754932077e-07 2.01250507826667e-07 1.7066914834297e-07 1.55405963291243e-07 1.23888848848167e-07 1.0926483968041e-07 9.97305545971438e-08
18 NA 0.00105298577772524 0.000374421810061973 0.000131438383369748 6.49814590720666e-05 3.54969299925442e-05 2.27107295747143e-05 1.50649830700157e-05 9.55103057664595e-06 6.51019605314796e-06 5.13321293279518e-06 4.1631506155623e-06 2.38578346863704e-06 1.70826638255606e-06 1.25447338873746e-06 8.98633217049685e-07 5.96337222576612e-07 4.63140226866124e-07 3.93161954595694e-07 2.53000169840629e-07 1.82149034953202e-07 1.26144834495508e-07 1.09064560619966e-07 9.67665719729365e-08
21 NA 0.00110347965861451 0.000578036885106131 0.000277146874444033 0.000148079681951875 8.43161221818937e-05 5.14640662899949e-05 4.33261438944191e-05 3.21743040526184e-05 2.46612950931561e-05 1.86147405908102e-05 1.37043474280681e-05 1.10305013451241e-05 1.12560190360475e-05 9.74659403614313e-06 8.70644405422136e-06 7.95023763629233e-06 6.01780428296834e-06 5.17077193990954e-06 4.84444317097491e-06 5.47250600682688e-06 5.50267829304082e-06 5.23482901062832e-06 4.63690649962232e-06 4.28005072104386e-06 4.65800912046061e-06 4.82916367106344e-06 4.78490070546843e-06 3.95701957751169e-06 3.46470949231769e-06 3.7214612422043e-06 3.58569518571025e-06 3.5745033210146e-06 3.07318563489548e-06 2.69486446324733e-06 3.23472744284556e-06 3.26864966248795e-06 3.25633690240279e-06 2.81484641480826e-06 2.84731174856087e-06 3.46593683233388e-06 3.254374368293e-06 2.96681989961581e-06 2.44868603025082e-06 2.14695504164029e-06 2.2088296649032e-06 2.49005613831607e-06 2.19656058409647e-06 2.07905571248687e-06 1.8143228097977e-06 1.8223422265074e-06
29 NA 0.00125296281472341 0.00058494217450101 0.000284654794212341 0.000166521297532555 0.000100729698401735 6.40078951768154e-05 4.26059464379834e-05 3.12047863975027e-05 2.46683094784662e-05 1.7811413699768e-05 1.4141205589402e-05 1.26506677493188e-05 1.10399964721458e-05 1.03121251258861e-05 7.7523983253134e-06 6.25031117900839e-06 4.7630879516456e-06 4.65259108121112e-06 4.79184344035755e-06 5.30369824297872e-06 4.78918290090509e-06 3.92006935091666e-06 3.22856105283499e-06 3.37415640946232e-06 3.91328922617145e-06 3.32152680171132e-06 2.58843649764898e-06 1.91085891633397e-06 1.71790123186182e-06 1.52976071282914e-06 1.72422032729877e-06 1.71513347543852e-06 1.61843459930086e-06 1.50943290493116e-06 1.51380443542346e-06 1.29954488677049e-06 1.44047795998008e-06 1.32976121911627e-06 1.08222065632662e-06 9.2814652818408e-07 8.5746631880131e-07 9.87434001592468e-07 1.17263750271258e-06 1.22632287573518e-06 1.04953483194505e-06 9.88791249981791e-07 9.31869509870606e-07 8.8301620751265e-07 7.78072152220284e-07 7.40392176301538e-07
20 NA 0.00132677459166008 0.000700326782055382 0.000348348441381525 0.000209088521731894 0.000143335513945656 0.00010256538164706 9.23899325741757e-05 8.36044982492743e-05 5.84254370644583e-05 3.96322779134942e-05 4.00658874957758e-05 4.14942735347618e-05 4.04591192548178e-05 3.25955138056691e-05 2.81547165451194e-05 2.7122170178592e-05 2.62689117850632e-05 2.1731765048162e-05 2.09441455288125e-05 2.31543314930353e-05 2.16054210656692e-05 1.66473965869172e-05 1.5057051527613e-05 1.70059017197952e-05 1.93545394665777e-05 1.6592328588917e-05 1.33953622257088e-05 1.12494545359367e-05 1.15468155355555e-05 1.29630574294143e-05 1.37175251818109e-05 1.49234730029753e-05 1.50710505626935e-05 1.29398444271315e-05 1.17590174369978e-05 1.39576424839514e-05 1.56261487610316e-05 1.59009965609322e-05 1.57540374144739e-05 1.44354284308094e-05 1.41873302331279e-05 1.44716696865527e-05 1.4891475680798e-05 1.54463958905822e-05 1.37819153290752e-05 1.06808170483047e-05 9.52266758654646e-06 9.70195348334498e-06 9.49013025505353e-06 9.87287038239129e-06
38 NA 0.00078869484842982 0.000164817760684348 3.41491668171565e-05 8.44476026960551e-06 3.23163272755287e-06 1.28178083174906e-06 5.2064149155626e-07 2.48191665996383e-07 1.10438842153627e-07 6.91311921944354e-08
36 NA 0.000765710056431976 0.00016066061590658 3.79136363413516e-05 1.27225008322334e-05 5.64237049073022e-06 3.05924890424008e-06 1.34101024144728e-06 6.42988535538793e-07 3.15834991509166e-07 1.60686215225191e-07 8.26211171325434e-08
42 NA 0.000754187970153408 0.000134491204955808 2.89611295520555e-05 8.47100143440138e-06 3.26683958945903e-06 1.01063443674546e-06 5.14788391907292e-07 2.22874502901304e-07 1.01052953017413e-07 4.24523279420664e-08
43 NA 0.000691711031323514 0.000136132812013852 3.34986050809046e-05 9.63890261999097e-06 3.39754038598666e-06 1.59508718530709e-06 6.67526490536652e-07 3.32154046812481e-07 1.45760402955825e-07 6.78488849027552e-08
46 NA 0.00076921755108686 0.000163112450599435 4.07695767456386e-05 1.20359794151057e-05 5.21157492218926e-06 2.77229135926791e-06 1.63030432865916e-06 8.35062957207635e-07 4.56324066987811e-07 2.38747725908144e-07 1.39403310407675e-07 9.0609125636451e-08
53 NA 0.000815119980314656 0.000168176139695677 4.05071452239239e-05 1.33175460011999e-05 4.99808463873086e-06 2.55578308627288e-06 1.17294655934533e-06 6.09167963388995e-07 3.21373275921215e-07 1.61776706482845e-07 8.04595837142082e-08
39 NA 0.000830929050710175 0.000192769540877293 5.39547410467157e-05 2.26508028605129e-05 1.16916548512378e-05 6.18145726901754e-06 3.50480830574911e-06 2.20521468892612e-06 1.25864811674394e-06 6.83880497294099e-07 4.32286266155351e-07 2.92452841582021e-07 2.14867240976475e-07 1.46221563351973e-07 9.53819427907182e-08
57 NA 0.000745641456642277 0.000141668376220794 3.40634230305962e-05 9.91436529968774e-06 3.41139613878066e-06 1.23343061703487e-06 6.2193510538241e-07 2.55007452651275e-07 1.06387947593871e-07 4.43758822810463e-08
45 NA 0.00090966682101217 0.000261750013029622 8.35498545694292e-05 3.72719283931477e-05 1.9018217755587e-05 1.12250506792434e-05 6.29942095727601e-06 2.69670441878523e-06 1.42260293366543e-06 8.78940392875525e-07 6.31631119854913e-07 4.24482351913218e-07 2.40948376781073e-07 1.32361687603077e-07 7.00684103175929e-08
52 NA 0.000850617370604994 0.000208203756612228 5.96154419526108e-05 1.86618174807413e-05 8.51143904553235e-06 4.09419248849399e-06 2.01410293287889e-06 1.09586723041531e-06 5.98336368783693e-07 2.90337630931215e-07 1.30496005690933e-07 8.32362702642452e-08
37 NA 0.00101815208383472 0.000325104569303651 9.2965634245488e-05 4.05538484581992e-05 2.12508706607252e-05 1.34054981622519e-05 8.53459053464182e-06 6.3082552104091e-06 4.42697874685883e-06 3.56087252885911e-06 2.48545583740679e-06 1.46992518749858e-06 9.18356826928251e-07 6.10241039453404e-07 3.36599087666209e-07 1.9403668558557e-07 1.26968715177472e-07 1.32153082566241e-07 1.13436381497607e-07 8.88712181677552e-08
44 NA 0.000949530518493428 0.000275463052710416 7.965135392809e-05 3.09324400047803e-05 1.47281142166874e-05 8.87888832777573e-06 6.22813318159849e-06 4.41694847621555e-06 2.89546443642621e-06 1.6175940895933e-06 7.28707274229785e-07 3.08704406524447e-07 1.76900635801514e-07 1.18233519674615e-07 9.3753159210507e-08
40 NA 0.0010009066286475 0.000331312487668941 0.000117578722671184 4.93224465620941e-05 2.48542155056265e-05 1.30111330454322e-05 9.65783124745818e-06 6.9995876526152e-06 3.99187139622009e-06 2.43460693891899e-06 1.49332138397741e-06 1.20435859642927e-06 8.86259603254964e-07 5.81228286207165e-07 3.91003135106126e-07 2.52553030579949e-07 1.95860418646989e-07 1.71351695484025e-07 1.24133200205662e-07 1.02598164494398e-07 8.20629739030154e-08
51 NA 0.00091365322274442 0.000259892317997918 7.20634742309095e-05 2.65601064414745e-05 1.28688872817156e-05 7.43122058668015e-06 3.86333878617904e-06 2.57982688352357e-06 1.50454873893548e-06 9.02077888503577e-07 6.1617798276113e-07 3.89055670195101e-07 2.16745410211108e-07 1.25081580543519e-07 7.50839111276066e-08
56 NA 0.000850801743940587 0.000220720235584415 5.57309774116151e-05 1.85850485558992e-05 7.33041132286277e-06 3.09312909758017e-06 1.37926792390139e-06 7.20764374455924e-07 4.70208225358088e-07 2.18505946292556e-07 1.31264747463845e-07 8.59103449493795e-08
55 NA 0.000883979860785435 0.000252227684520713 7.89625419943138e-05 3.35551770215911e-05 1.42982623897092e-05 6.62433124948426e-06 3.365992255749e-06 1.64643481434079e-06 9.72404665285936e-07 6.19449296497732e-07 3.81847772828062e-07 2.27682880519178e-07 1.68260131849586e-07 1.15897076829819e-07 6.57854754654253e-08
50 NA 0.000983051028477912 0.000319310803351658 9.96534227445607e-05 3.99742596027618e-05 1.96286706600192e-05 1.17218507925349e-05 6.53391204515472e-06 3.950457857817e-06 2.55389328329957e-06 1.4756791643947e-06 1.13267738239997e-06 7.56320107478994e-07 4.7501313657518e-07 3.211078110074e-07 2.32025858139533e-07 1.77211192998067e-07 1.27931696107802e-07 5.91053587999594e-08
60 NA 0.000914603094540633 0.000251374061876787 8.27359549121111e-05 2.88414700749531e-05 1.55879615074998e-05 7.40266761752138e-06 3.43729547492396e-06 1.87491047166805e-06 1.01714917184458e-06 6.98777700700312e-07 4.31513039336427e-07 2.36234703497819e-07 1.359959510769e-07 1.20139077783427e-07 6.60080977400173e-08
63 NA 0.000690545470802665 0.000134890334258641 3.03855273487587e-05 9.33756925174312e-06 3.5593004825712e-06 1.39976612391976e-06 5.59962934015324e-07 2.54466563909347e-07 1.05840205901706e-07 4.47164275397755e-08
64 NA 0.000786492355462215 0.000164724769131934 4.03944450599024e-05 1.43571334066764e-05 5.96108429750832e-06 2.16942728204363e-06 8.51834665741224e-07 4.18820895855421e-07 1.6484663742198e-07 5.9289746232799e-08
65 NA 0.000768083999006867 0.000162330889936346 3.75241103993682e-05 1.35032344561649e-05 6.23895869570715e-06 2.56532201862499e-06 1.08918911166927e-06 5.16052000911758e-07 2.59210024693116e-07 1.3879973974241e-07 7.51851501110478e-08
41 NA 0.0010849862410815 0.000421657840504638 0.000165776315773085 7.98978565589393e-05 3.9494718967789e-05 2.74959551406068e-05 1.87469395439299e-05 1.41093120944021e-05 1.03347800039907e-05 8.33989341994426e-06 7.19111196826354e-06 6.16493588078561e-06 4.87223690334896e-06 3.38640885608167e-06 2.26260801547287e-06 1.47010272341277e-06 8.76021578772007e-07 4.78023930925972e-07 2.85167081529719e-07 2.47936354544729e-07 2.83495051191239e-07 2.91855998876785e-07 2.49731120141224e-07 1.87801465370073e-07 1.38535555493546e-07 1.08260233781073e-07 7.26908039194493e-08
62 NA 0.000900038637523768 0.000240816502147981 6.66748191825709e-05 2.66073880406604e-05 1.10984737143571e-05 5.39550191409436e-06 3.06737948853748e-06 2.05061125159503e-06 1.22156051711259e-06 7.53900076826839e-07 4.7593096620104e-07 2.69396854136443e-07 1.44906630415144e-07 8.75662816773525e-08
48 NA 0.00110160938725966 0.000396560127900361 0.000133688622973811 5.97598131787661e-05 3.53210619201461e-05 2.43701370428162e-05 1.53050257133895e-05 1.08361496252346e-05 8.93105051154646e-06 6.51280611485171e-06 4.89531992945656e-06 3.80221512319952e-06 2.86248217034725e-06 2.39042920465261e-06 1.78692004736926e-06 1.4627955304118e-06 1.27502848415431e-06 1.08673352511331e-06 9.40797959844912e-07 7.42310579754437e-07 5.01347382003452e-07 3.99858610677014e-07 3.03436590284829e-07 2.21969201230884e-07 1.52613001608668e-07 1.14171896858152e-07 1.03586773445502e-07 8.08237546409256e-08
54 NA 0.00108953424787665 0.000439574688189761 0.000185586832707513 9.33187309540443e-05 4.53042979421425e-05 2.53664843079294e-05 1.52892204735521e-05 1.09948374379939e-05 7.68029156509196e-06 6.56155237728027e-06 4.54131545619279e-06 3.55558229607196e-06 2.59538481615997e-06 1.76019489549653e-06 1.57291673994443e-06 1.23497207655784e-06 1.16730538738501e-06 9.16620022965847e-07 6.94714306005087e-07 5.72432064008976e-07 5.27871873891301e-07 4.30131610670067e-07 3.17786655968136e-07 3.19866522765489e-07 2.55318196673204e-07 2.06854901812455e-07 2.02731665254423e-07 2.05821090419735e-07 1.65220372161307e-07 1.54656379615512e-07 1.56859683933433e-07 1.3856839858191e-07 1.04045528379352e-07 9.05850811658114e-08
61 NA 0.00105637788657966 0.00037331812728281 0.000129660236632368 5.28054984422721e-05 2.39559225281809e-05 1.30735852388111e-05 9.05003868573969e-06 6.01327032187766e-06 4.73685112162004e-06 3.36399230765699e-06 2.7948964372254e-06 2.36419759574961e-06 1.8655528710568e-06 1.58747254924691e-06 1.30170179741201e-06 9.05986329556393e-07 7.30892157857415e-07 4.87472159850981e-07 3.62401244644958e-07 2.56457819056975e-07 1.46010263750452e-07 1.05850660959193e-07 8.89453914919149e-08
49 NA 0.00107544829130494 0.00039711207912271 0.000136237780643579 5.04365729195251e-05 2.82047416608322e-05 1.68488588521828e-05 1.01275515397015e-05 6.26183870510922e-06 4.42085517693933e-06 3.40559626573313e-06 2.31041641722014e-06 2.02287000854705e-06 1.3348575202687e-06 1.01821921589794e-06 8.08880839538101e-07 6.54490422054352e-07 5.45696452461761e-07 4.87998653603213e-07 3.90387584781063e-07 3.43968864425353e-07 3.21224435434636e-07 2.70975855881841e-07 2.43641660063844e-07 2.29708637400851e-07 2.27586328839808e-07 2.27865601419889e-07 2.37272617432454e-07 2.4134635856993e-07 2.46943028471099e-07 2.5104847921602e-07 2.55079140336836e-07 2.56785356434787e-07 2.57749879443858e-07 2.61211088442023e-07 2.66767419539056e-07 2.72880599894214e-07 2.79407792496401e-07 2.87827354314066e-07 2.9639256658489e-07 3.06239649998404e-07 3.18894062838153e-07 3.32305072823865e-07 3.47083820060852e-07 3.61571408693053e-07 3.76869526231079e-07 3.92802750665705e-07 4.06023814549817e-07 4.17986656147038e-07 4.29114600164388e-07 4.41166080006708e-07
59 NA 0.000961363242881948 0.000306061124896893 0.000103622641496163 4.0958448807726e-05 2.11928141715923e-05 1.36698283725215e-05 7.60956587607603e-06 4.74295024296973e-06 3.52968768657393e-06 2.69549298996632e-06 2.11780662747458e-06 1.9213027300351e-06 1.64313755304784e-06 1.30963647433819e-06 1.13508908700775e-06 1.00391413316686e-06 9.44001198422346e-07 9.83480648437618e-07 1.08521575623881e-06 1.26360786019019e-06 1.49902489303944e-06 1.77984761834538e-06 2.14383292791276e-06 2.55176305448377e-06 3.00304733754047e-06 3.45441342396226e-06 3.77894337966778e-06 3.89326089274925e-06 3.94842567139506e-06 3.92426141726181e-06 3.78990704468318e-06 3.63648675152896e-06 3.47375778180343e-06 3.2758227632408e-06 3.08283959291337e-06 2.94873425918573e-06 2.85571022669387e-06 2.8018313771335e-06 2.77624929704435e-06 2.76839459593032e-06 2.76117294381493e-06 2.74337344089065e-06 2.71992812516942e-06 2.67476927420782e-06 2.61294138764372e-06 2.55146433670657e-06 2.47168550102052e-06 2.3914074105507e-06 2.32475194948621e-06 2.28128192365931e-06
58 NA 0.00106740720740433 0.000394819328025613 0.000133476447557086 6.643326240451e-05 3.29820238098661e-05 2.11582814825506e-05 1.49764164519858e-05 1.01390652031861e-05 6.89554619432109e-06 3.72151995421085e-06 2.95639264994184e-06 2.69262007603265e-06 2.03964078280209e-06 1.56338599910392e-06 1.20721834175178e-06 9.18943689521331e-07 7.19781714428087e-07 6.09253588243602e-07 5.18454690132435e-07 4.2557836863747e-07 4.35117150026615e-07 4.10892944558577e-07 3.35051461044866e-07 2.92870026566e-07 2.30346570232849e-07 1.93385126544966e-07 1.90260936315933e-07 1.67707489036952e-07 1.52495897758264e-07 1.41807637751728e-07 1.3233509601361e-07 1.21158276544635e-07 1.09739274626486e-07 9.73714873760071e-08
47 NA 0.00113882106550833 0.00046273545051399 0.000172496287488549 8.05137868876341e-05 5.13153233431417e-05 3.93312394870617e-05 3.00477998789443e-05 2.30229122729736e-05 1.68856880469264e-05 1.15799251344866e-05 7.83587206044541e-06 5.99032413158041e-06 5.92945297892872e-06 5.13893415874819e-06 3.94730192961797e-06 3.53664557545355e-06 3.22536331234312e-06 2.7108321967477e-06 2.08384617554475e-06 1.77770287135686e-06 1.51233547952707e-06 1.09394406258663e-06 8.85909246858593e-07 9.55923776443044e-07 1.01074955390284e-06 9.69137579908511e-07 8.98424674783559e-07 7.79979265987319e-07 7.34890580842856e-07 7.16947858854659e-07 7.6905423346441e-07 7.26584953242042e-07 7.35438327493374e-07 7.23369920828423e-07 6.98252661826427e-07 7.70741250818589e-07 7.87939379767152e-07 8.38627858922892e-07 1.04350608703539e-06 1.27062721813478e-06 1.55251827364511e-06 1.85132310273709e-06 2.16115018770797e-06 2.47605661795683e-06 2.87196348978857e-06 3.38177372229568e-06 4.10115802635661e-06 4.95964563691841e-06 5.89982498031723e-06 6.82446784409428e-06
70 NA 0.000800366769344602 0.000184367084006107 4.36244682619134e-05 1.44725174869652e-05 6.64019534792799e-06 2.7796115040937e-06 1.19525255161027e-06 4.93835357383539e-07 2.09352686251609e-07 1.11364278426988e-07 5.45435803490822e-08
69 NA 0.000906505969682997 0.000225606828868406 5.55234382102452e-05 2.26110619915841e-05 9.16141143582016e-06 4.19058473088626e-06 2.59164997615553e-06 1.53157535821093e-06 9.31748865284152e-07 4.79305892987875e-07 2.55781451403051e-07 1.41782220447434e-07 7.68715511392263e-08
68 NA 0.000863184903332186 0.000252662123321894 7.70990643940777e-05 2.88471142860387e-05 1.49211622364056e-05 8.01731330494464e-06 4.80733856794534e-06 2.54211424924187e-06 1.41330627813883e-06 9.34425482052529e-07 5.2304664416149e-07 3.22705069448923e-07 2.18733463823474e-07 1.5429992266877e-07 9.50758643112773e-08
66 NA 0.00113362975871358 0.000442048462584853 0.000155778484964325 7.52156207761188e-05 4.39051807348046e-05 2.79613748114792e-05 1.87240864278233e-05 1.16755305147673e-05 9.04443883514243e-06 8.12787762990104e-06 6.34914571226426e-06 5.67389826348724e-06 5.1196918047749e-06 4.14492491020305e-06 3.72171460179246e-06 3.50462441377667e-06 3.25889962498719e-06 3.20392916741488e-06 2.96770699207474e-06 2.70564673195139e-06 2.31525254482113e-06 1.73647354619902e-06 1.38726127706289e-06 1.15568703608842e-06 1.02446725110124e-06 9.02621619154289e-07 6.73102809568367e-07 4.32559998932977e-07 3.02972891991943e-07 2.12127440667925e-07 1.5778132649217e-07 1.17757449968863e-07 1.2810117943079e-07 1.45648951522179e-07 1.60245944622382e-07 1.5434503927079e-07 1.24521498784812e-07 1.02620725719338e-07 8.84245696574129e-08
67 NA 0.00107761792830982 0.000393448214862652 0.000117529313148286 4.70807898665197e-05 2.66165700003245e-05 1.39843656900952e-05 8.47195135361822e-06 6.45631746008157e-06 4.45754841510245e-06 3.5614691751904e-06 2.7739282374329e-06 2.01969219516737e-06 1.33436543456814e-06 1.05357204805648e-06 7.52561176451299e-07 6.50726760218556e-07 5.79784549978112e-07 5.59423867824685e-07 5.79001312599285e-07 5.51965789364163e-07 4.98818170797586e-07 4.70179125755822e-07 4.56541105981672e-07 4.58400371011044e-07 4.21225902774496e-07 3.677306189285e-07 3.1986249302172e-07 2.83269033400364e-07 2.56061583664002e-07 2.37698486678843e-07 2.24143942662849e-07 2.11242050540945e-07 1.96620393892678e-07 1.79990004975227e-07 1.6879906243283e-07 1.59205979519494e-07 1.5024940455406e-07 1.41040334568779e-07 1.31998960191274e-07 1.24073243149291e-07 1.16580744288687e-07 1.08559855713857e-07 1.01247885995379e-07 9.38605624089497e-08
72 NA 0.000850106952157655 0.000181824576582147 3.87075073426189e-05 1.25254957849117e-05 4.79155482984571e-06 2.40525886931966e-06 1.19841940897339e-06 5.14673171293598e-07 2.21294907101882e-07 8.40386153482785e-08
74 NA 0.000677898783035733 0.000103400760353766 2.09787251950965e-05 6.5760910394802e-06 2.30295243865503e-06 8.57008018821952e-07 3.26542014314354e-07 1.21202673959351e-07 4.73026259712029e-08
73 NA 0.000796354792271264 0.000151291005503189 3.80095350909431e-05 1.44736950766036e-05 6.58184939378115e-06 2.61034042714853e-06 9.16639136652261e-07 3.09087781828101e-07 1.29635147798735e-07 5.44186643394838e-08
71 NA 0.000808570892308998 0.00019678069021641 4.89572981626707e-05 1.71077216892521e-05 6.82855511678891e-06 3.0308627709318e-06 1.17876855488978e-06 5.56351180483197e-07 2.7139083859045e-07 1.21326968170989e-07 5.69184021374853e-08
78 NA 0.000731002354289598 0.000126199772868528 2.87782703989051e-05 7.70620857299103e-06 2.48167274932912e-06 8.14131922411669e-07 3.15959592830892e-07 1.15683994436312e-07 4.62591787922418e-08
76 NA 0.000695901580376181 0.000120321703601214 2.66391850322014e-05 6.43945022988602e-06 2.25799787385783e-06 7.60775305928739e-07 2.30148350692866e-07 7.5281892997271e-08
85 NA 0.000713268163820705 0.000127985924509817 2.578023151786e-05 6.86931439071495e-06 1.98168128958207e-06 6.86189630477243e-07 1.97008096365747e-07 6.16701693218388e-08
86 NA 0.000752225638941328 0.000144713950150445 3.05409390670131e-05 8.57123094752049e-06 3.03336800702497e-06 1.40270032383834e-06 5.85612701349554e-07 2.62091436354625e-07 1.02943998017546e-07 3.67337144789449e-08
82 NA 0.00073783049161461 0.000132948075859227 3.03947567626012e-05 9.56590042499948e-06 3.6483185198033e-06 1.46873383142178e-06 5.96442430727285e-07 2.73597366478647e-07 1.01382806990372e-07 4.66009842256045e-08
79 NA 0.00075315265886086 0.000168184155796622 4.05628587418301e-05 1.40243020257123e-05 4.31975384700428e-06 1.62245009280413e-06 7.57670123381522e-07 3.96005836749204e-07 1.94662338715566e-07 8.76313730852944e-08
87 NA 0.000686008544352199 0.000106006168222638 2.11791255690414e-05 6.80893612438982e-06 2.24278546717827e-06 8.72430428748696e-07 3.30677732224176e-07 1.26478669282295e-07 4.72274813295714e-08
83 NA 0.000740438830381304 0.000125011128053423 2.92169658802674e-05 8.43089590619734e-06 3.38229614946454e-06 1.26542830051764e-06 4.32582052589026e-07 1.65384272582182e-07 5.65695623965992e-08
84 NA 0.000774397851526302 0.000151957493703026 3.1450221547067e-05 8.74736129457013e-06 3.23356688844657e-06 1.3815195891075e-06 5.76267496936185e-07 2.65121562487096e-07 9.40438017560082e-08
81 NA 0.00079789703103444 0.000170221500691371 4.17301692103383e-05 1.20508823426268e-05 5.79302706701595e-06 2.5763228806247e-06 1.12590944635134e-06 4.85683096832477e-07 2.4370240765432e-07 1.07423344483921e-07 6.35205737287215e-08
89 NA 0.000731125153811413 0.000128112740480214 2.54467524878791e-05 6.56482965210939e-06 2.39581825004384e-06 8.58595417903399e-07 3.43704785888592e-07 1.04825321741445e-07 3.12990639356942e-08
80 NA 0.00101223098230163 0.000353590216468179 0.000116916251458374 4.55827611119702e-05 2.24993128529951e-05 1.76510279562803e-05 1.20787766557907e-05 7.66664066375841e-06 4.13811793000978e-06 2.46577199800873e-06 1.97877416677252e-06 1.3497001819137e-06 9.45900786950314e-07 5.67560735702161e-07 4.29489440193506e-07 3.45979037031875e-07 2.29017213967703e-07 1.79763718860941e-07 1.26022584895472e-07 7.88612319507169e-08
88 NA 0.00088006256572614 0.000267312027050014 8.30336881220975e-05 3.1377308585854e-05 1.4599384763805e-05 7.34279688304295e-06 4.51278871055579e-06 3.01037659837462e-06 1.88460862626713e-06 1.39619361656705e-06 9.36549733619103e-07 6.07346513273368e-07 3.85757929334191e-07 2.68572162799974e-07 1.66343071373318e-07 1.05005220677983e-07 8.20422406479446e-08
92 NA 0.000789953476936805 0.00016542996068617 4.01748165864207e-05 1.30806889332336e-05 5.4742488843369e-06 1.77246539999935e-06 7.44460469031773e-07 3.4826763561936e-07 1.91275944804941e-07 8.95582677110618e-08
91 NA 0.000808500111731318 0.000185554085130133 4.71842023041845e-05 1.67743787867727e-05 7.6426568037755e-06 4.12431432592958e-06 2.27646984607184e-06 1.07605683766789e-06 5.15042376151483e-07 2.85478842072272e-07 1.34075613168609e-07 5.72042674505807e-08
90 NA 0.000947881697669703 0.000295546516147003 8.52330120351884e-05 3.16996527706209e-05 1.32075926776566e-05 7.88213115904489e-06 5.07422094569143e-06 2.64370531501497e-06 1.70135895347508e-06 1.15594448329397e-06 8.25244153219675e-07 4.58330352946539e-07 2.79577457356576e-07 1.80941888091984e-07 1.48129758931285e-07 9.34645370045913e-08
95 NA 0.000827379366779545 0.00018975043448272 4.6188008578218e-05 1.43900052700152e-05 7.20057660228177e-06 3.30029959643287e-06 1.22620210443275e-06 6.00369798524785e-07 4.07046647175972e-07 2.25451346663975e-07 1.09639733799449e-07 4.83985763245334e-08
96 NA 0.000800476554379281 0.000179787808493608 5.1091396374276e-05 1.67952706833914e-05 6.25545205950906e-06 3.03692850337575e-06 1.357693414699e-06 6.15853054508893e-07 3.17685458719903e-07 1.6338442571826e-07 9.83470719645979e-08
97 NA 0.000862039905313054 0.000205860639123561 5.16997499382369e-05 1.80518369139676e-05 8.02978948007626e-06 3.69480195982538e-06 1.59749402826222e-06 9.19489731061914e-07 5.33258530586519e-07 2.90780638199046e-07 1.47408327661184e-07 8.70793300278472e-08
75 NA 0.00107699379083176 0.000464564581523752 0.000198446980899242 8.89571789129442e-05 4.83874278101018e-05 2.92296979470759e-05 2.10262182909407e-05 1.44315413122598e-05 9.51285792884938e-06 8.86345437883101e-06 7.58594166013939e-06 5.25377209283485e-06 3.50339485494399e-06 2.75547073786448e-06 1.90577743077003e-06 1.74175463496971e-06 1.96120529356222e-06 1.52926778815496e-06 1.12104357031237e-06 8.98732908599661e-07 6.40418473571491e-07 7.02437047236903e-07 6.7797026348299e-07 4.80952324722846e-07 4.12284568519506e-07 3.58398544755277e-07 3.32326100802593e-07 3.10311453652145e-07 2.21256780288819e-07 2.09206502419034e-07 1.94644629428097e-07 1.8059349973351e-07 1.65376289606288e-07 1.17718983050965e-07 1.07567929622337e-07 1.14955042440172e-07 9.5731378690656e-08
94 NA 0.000941611001055127 0.000290106863402663 0.00010743723070673 5.02658950161567e-05 2.79002590378018e-05 1.3528379471169e-05 7.92389451377846e-06 4.69477612812809e-06 2.59134994252274e-06 1.41002129190553e-06 8.98668947652062e-07 5.6635650864551e-07 4.48654341234365e-07 3.54098853147456e-07 2.35368224906296e-07 1.45883417957299e-07 9.72041427711537e-08
98 NA 0.000756984323424764 0.000152306513895917 3.42551867613132e-05 1.06078075847773e-05 4.08441837214829e-06 2.09678048130659e-06 8.61800401376077e-07 3.78402938223191e-07 1.34773607117461e-07 7.10959385095193e-08
93 NA 0.0010728857917585 0.000400893261511403 0.000152534531555289 7.49672330099172e-05 4.7648022791051e-05 3.14874673217234e-05 1.92578815302312e-05 1.1839755577407e-05 7.74285983141759e-06 4.81840931254051e-06 3.58977354937813e-06 2.63926550106026e-06 2.10452330589009e-06 1.37163058916047e-06 8.83478638402766e-07 7.44005089062414e-07 6.71205472193564e-07 6.23172540994974e-07 4.07394626506896e-07 2.90895392665246e-07 2.4111524291027e-07 2.133427168037e-07 2.21714283281576e-07 1.71583719740265e-07 1.19998265647131e-07 8.74600884272487e-08
77 NA 0.00116367967525182 0.000489519906559089 0.000200410552632177 0.000106303651772966 6.45945212344126e-05 4.10258307784462e-05 2.31141439279128e-05 1.24544379276712e-05 8.92934189967316e-06 8.22294913215133e-06 7.02104003459515e-06 5.47784344887075e-06 4.16365730128216e-06 3.2250073387633e-06 2.67869383015265e-06 1.85360614761091e-06 1.57700869418955e-06 1.51275280358749e-06 1.25546347216028e-06 9.96189709912667e-07 7.75669264890703e-07 6.71998817789374e-07 5.61754681290583e-07 5.47451465605918e-07 5.20545552977678e-07 3.90483363120859e-07 2.91110107573964e-07 2.72338275956769e-07 2.5292965332557e-07 2.17704733002715e-07 1.90138266738013e-07 1.90680536392554e-07 1.61532059585809e-07 1.25256365996624e-07 1.28108331282216e-07 1.01590340960369e-07 9.06824760137957e-08
99 NA 0.000824591469583588 0.00018400458470626 3.99211259515039e-05 1.37966986612958e-05 5.87008476522613e-06 2.68942819610227e-06 1.03937577588403e-06 3.97288981287611e-07 2.11687416979053e-07 1.30213548223075e-07 6.17720429671355e-08
100 NA 0.000864570801710529 0.000209366923317348 5.58348006116127e-05 2.30502321291653e-05 1.21556756107759e-05 7.49883222858459e-06 3.65704934234002e-06 2.0435401760469e-06 1.27799296498084e-06 7.10917969903407e-07 3.74093143792858e-07 1.77817533756867e-07 1.14513727686948e-07 7.42817942587173e-08
